363256
823382
389008
75910.6
892054
87892.2
566380
677923
865572
87405.7
411564
652916
252600
743188
778733
597364
228345
573733
637239
460388
222066
929984
978245
744325
985088
411490
341102
640050
461280
804624
881722
258626
989989
679206
944167
807618
831926
727750
426306
21531.3
250840
162309
718853
248157
890238
775255
438390
405824
154770
197944
848947
946982
727941
272125
936756
707157
941434
982811
972307
194486
355658
764672
168187
185985
977489
259929
615545
590732
523644
137.051
418570
993441
83436
594928
250503
560767
661316
166364
980015
405077
410633
602916
56312.4
332612
410133
756424
778828
8199.41
642357
25164.9
955847
815452
419091
315409
606418
61720.8
137625
148088
400074
278577
813729
250115
81635
821401
204742
102025
381608
269114
177414
343792
278026
678260
553372
751266
550118
11068
311269
45280.4
422429
45092.3
699044
935914
820057
907123
635907
359522
507677
519491
497966
522274
1763.88
268829
744063
248462
416.672
190080
430323
411413
658890
71601.9
744121
519065
235576
741824
826789
959526
246955
404156
744380
499338
86461.2
689143
445283
176322
347595
999707
135597
248269
338882
283005
751998
740513
72519.5
542838
385024
279294
168834
74381.6
359397
104145
379130
385754
423517
249926
2997.54
805342
254780
747549
142029
376207
525083
568752
5887.95
722626
706663
336057
951311
149935
317095
822457
950495
523002
950716
722084
805961
538564
816929
218320
663509
491855
159852
930867
160959
51186.9
176539
2531.48
903246
674646
162006
694897
764685
424276
479440
63773.6
119391
35651.2
998661
683873
251123
324690
603627
227061
155770
852947
108079
886421
382420
152775
714375
880956
528886
771846
200287
68418.3
393786
596715
509795
106140
735498
955691
774599
414741
794950
972825
238910
798194
535120
773744
349691
831254
839853
453561
868783
3710.41
245671
181910
535141
318783
700198
310779
242781
173793
119404
774044
563138
532706
13040.5
685529
451614
825146
686172
832565
230230
381057
589663
564373
190746
763422
759753
865560
556694
233275
455864
15267.3
51634.9
238403
221693
415900
231519
488963
655882
956185
780516
872594
186453
154994
315623
179235
723290
596968
497605
723125
847874
785063
14461.9
66420.4
901234
783737
344483
258912
667292
560144
754311
67500.9
740375
643373
533377
146402
414259
159475
619901
3739.08
879791
425371
428288
989995
318509
88386.9
275329
900998
698269
139437
522837
975293
45280.4
690382
630148
512705
70393
211068
882434
911327
747429
990606
517812
976738
975230
24794.7
256279
806548
499209
457901
433523
916414
906388
340833
902536
28268.5
682926
991486
389155
769969
304179
836127
547467
795117
171617
712184
822414
314604
812172
443465
938495
908687
748528
975399
255638
351353
223032
328177
482355
303750
39694.2
122631
415912
865518
667804
444189
800497
505400
257907
980036
373550
953352
692626
614216
258611
239936
189402
964760
145838
270570
958223
130121
872472
625955
901517
744106
768044
105271
944834
611971
655355
185971
370159
799766
877991
600732
499142
889115
885247
124672
373943
15314.1
688174
102444
343826
76267.8
601026
640469
831366
230379
936972
269453
928869
726989
61117.5
293789
751784
675219
163945
66609.2
75528.5
57390.7
614172
606317
358626
344988
669614
395657
204904
462693
94045.1
528370
399143
603663
66650.5
170722
514704
297372
244840
428947
699372
857588
291751
463208
607763
621213
601490
199182
797031
766138
405338
348072
774297
914671
426949
668662
511158
125690
14080.3
283544
563409
54480.7
915990
970126
368382
863916
820266
368158
919971
71787.7
289815
924849
115357
825698
712814
407556
330248
584637
569823
432575
895692
509350
221818
609283
1997.87
530100
124749
570570
385496
657746
658004
795751
35457.5
735756
16827.7
94338.4
244705
464898
36337.9
403049
905330
311326
687536
434774
918601
207645
741681
525684
518989
135141
367647
601007
370235
67312.3
383335
157520
257387
424390
329370
278146
595045
80080.2
996260
508346
943144
163115
656024
123047
42350.9
60249.3
143488
395252
307538
810774
648882
342926
504556
560071
823701
458093
600828
235720
436877
608750
459546
608189
969609
974716
166551
937164
863939
439681
839955
712165
94357.9
331847
847343
663745
488541
3148.48
250344
616122
846766
117472
786623
303769
886721
836262
907641
954155
924578
319229
313829
377909
544415
485247
587950
493751
397791
616511
14356.4
820772
740559
512352
705704
3597.08
212935
641535
143532
578041
378875
15853.6
220567
29320
20298.2
120565
754634
13099
234766
941841
836648
405263
775342
116017
881752
101951
506469
189022
536269
20516.2
662199
767571
229676
994755
822723
587517
56734.7
735100
2140.7
189041
752415
168981
551106
652368
302017
560481
99552.2
12886.4
80549.2
727176
523140
998016
873940
960830
347110
157981
952314
496091
869134
848984
872344
102063
743672
304659
410888
921572
642774
431985
620288
387155
865876
617720
40770.1
612241
688482
135354
477388
211188
334833
902784
801146
847157
953789
574091
847491
823293
169974
236763
750431
38474.7
207798
678880
84220.9
326208
706508
923073
865535
496790
668998
325200
178995
780899
748251
371278
910084
654356
685010
975103
83155.7
985462
268781
891248
400390
506549
733174
692810
626134
574543
953750
797722
96993
4672.94
797734
487141
482885
90423.2
439513
44474.1
889378
194339
429015
512429
714374
436104
52369.8
166760
487377
61769.4
350392
415702
283619
924038
353317
656382
585235
65057.1
435015
9305.93
63627.4
163259
54302.4
420592
741611
702624
996902
242750
460641
627397
68737.8
959066
114462
81331.9
814690
22731
394709
279218
392113
294446
481171
42832.3
296046
849691
574383
858721
754789
384992
812491
330095
618263
359164
586421
428717
638612
746486
144294
161413
518205
123494
227372
140149
53096.5
642545
504848
993296
789962
557163
336777
118401
926954
7688.55
779830
276622
950042
442283
83518.4
959881
241643
146214
499162
817721
487731
345033
527174
218771
634366
504145
867128
475954
539031
250096
743652
577535
471204
116737
235475
367545
149496
138658
285010
679841
638540
383387
136100
658739
283815
665253
167483
645685
554880
700341
735331
577631
713228
545118
890402
691494
299110
315891
625626
274071
225654
991799
868590
650739
121556
274618
20675.5
985389
524723
874936
758336
183325
611399
977208
878097
799814
881429
886524
716777
46669
835127
955093
924889
586670
767292
76689.4
743451
359188
588926
395427
381673
934684
124113
429979
877054
136458
231720
288532
428507
348029
803633
647559
349155
66665.3
384140
336869
275791
299177
536227
521853
909982
698736
828381
684215
730210
644357
27445.4
590742
674989
142498
706562
681806
21344.6
586863
94093.6
275408
983542
437199
962457
16980.8
452313
364743
630039
825725
791558
866392
259459
733596
605236
95942.7
464187
356530
752570
539860
26624.3
403086
168847
930515
426912
900012
106016
981827
679388
636970
830677
143801
220229
180078
654192
342985
392449
835816
233089
742541
187667
538480
513176
479075
225092
260915
225954
750216
896388
732385
366869
976480
707716
833494
997181
453658
862014
973468
64323.4
606585
206956
98291
843035
613272
624546
909202
450376
613282
68774.5
409488
443607
343751
525043
186315
761777
165014
281252
45219.3
73856.9
798978
120539
340414
887482
921994
