751348
45490
715540
889552
24593.4
377367
31151.5
627686
48700.4
294486
984046
421660
397968
750022
441615
738116
497852
800510
149741
813574
206904
943413
271466
450472
544923
43231.4
741943
195102
636340
20734.4
45379.2
624465
357647
217471
894355
528513
568612
173606
95200
635077
613439
458219
616111
850612
972296
639755
669524
229905
50385.7
161721
941825
614589
607036
109844
190711
615561
248385
954896
487836
253061
837135
992968
697095
228971
94856.8
540383
580452
677377
534834
952868
389276
85784.1
768764
448859
652541
595527
198669
805525
572133
796694
187880
809594
67601.8
387933
646990
157408
785438
135349
263906
575540
201795
157949
428528
192075
446500
362634
650715
257143
8739.59
202215
468820
127355
987070
609491
585151
836634
26948.5
751181
913070
380371
677231
115955
254547
527661
761061
266955
777158
618763
460588
314654
367226
741137
15213.6
914310
362417
511071
854818
327731
958506
696649
822078
114689
711031
469611
843539
712023
434065
10884.2
126217
522342
376497
159772
477611
462685
317193
213384
443668
632061
123267
782789
674494
977669
833659
332104
291916
503784
300751
792647
788658
895738
326059
49663.2
638282
868048
793475
1970.49
876929
39186.9
111273
857860
419729
753347
515958
425639
61761.2
268948
834960
704329
370256
363192
401422
914806
384276
586499
49696
896123
528328
378755
568546
328383
654548
591593
59824.9
561079
366002
785477
82782.8
119355
273942
768205
554548
627855
943534
705066
413412
543798
821255
514757
147671
410861
253212
498551
800174
876416
49991.4
549590
786532
344646
304960
575264
407528
77049.3
79319.3
191378
686844
385419
548520
150626
729796
434734
47238.4
239836
209265
201985
751596
557919
462176
906117
512755
917762
65735.8
183477
657221
966237
112155
736464
292654
894312
644598
894614
531019
484258
170603
862957
42840.9
424135
604157
425911
660365
779475
468296
997598
190550
911757
62365.2
154795
712808
528675
704562
303584
99224.6
802204
80768.1
322924
533826
87283.7
75391.8
320731
578779
788564
748174
779488
974592
627595
172526
136186
200479
711488
507763
348222
473714
890951
110551
17102.4
824255
943719
636352
791337
787780
535021
947172
635614
801548
861464
90453
477020
819157
185595
981698
174519
607653
927161
543332
288526
548137
818398
346453
452813
383905
229485
413483
779445
506246
793068
477985
248328
156365
486680
448159
182115
844016
213611
183802
380598
825461
206974
721041
420156
266620
764447
372947
530957
760545
437810
67228.8
134939
490941
958541
944638
985167
560236
473188
215904
164926
620919
940194
431984
800735
912022
933671
247233
201220
197546
636748
534396
404383
981547
289804
859756
412776
79747.4
203359
570065
447006
695843
65229
703182
726473
451023
396842
488238
633934
194877
909891
558553
831294
624240
529084
644398
964842
323667
437346
12245.7
131068
375770
660462
541063
842971
510341
268452
465041
410078
453289
728110
857435
84193.9
458522
163850
881880
340023
264148
251888
862930
158504
170040
691948
797205
968185
683758
895988
582752
680908
265851
574565
857937
48081.7
390293
278784
470287
398771
273105
366579
916517
132917
262960
398092
231633
951014
201721
860091
679907
213457
836404
399481
780510
749435
550010
480892
627179
442730
460770
547227
931732
341090
782652
715444
311296
375179
437332
737238
170712
587850
844861
491900
373117
339536
598529
557565
222017
374175
458725
524129
145778
676981
595203
484262
415271
247278
992315
164405
633224
858676
945465
261758
432003
464664
190920
218527
643591
171520
2067.69
745048
628122
897492
119662
623402
694946
874943
928783
249187
971690
572406
6392.05
258261
409313
313762
354652
953306
109002
285654
311432
576978
249282
371846
503738
849087
841976
219994
664860
61738.6
504940
207375
129012
761580
550806
128327
589557
972947
399216
145554
140112
190542
270399
709242
277621
825039
741680
966076
601167
315497
886432
103491
56848.5
690350
754766
33885.8
335553
722673
165082
160336
72325.8
191545
821143
292768
929165
320291
313812
644710
36081.8
237859
371928
883968
767187
892937
463551
687666
618839
480160
582918
153562
251670
165734
44645.8
602839
861431
372124
473591
593935
577228
823348
101379
661400
85727.8
258843
853845
770037
809535
97766.7
112090
111244
899169
499591
17196.1
525079
168994
572444
68258.4
753568
423989
231447
368141
775602
584901
500295
887217
78845.5
161123
438977
918022
132547
135264
699047
736756
522483
311079
19126.1
945602
332078
307042
838219
129181
936118
493022
32394.4
437342
53749.1
142782
196490
972221
265228
505885
352246
639299
434680
122750
625366
583109
899031
882836
318014
668440
224083
472461
366388
741153
825493
495950
669319
921530
722834
549594
789499
501340
645511
385658
956908
80655.6
610047
907212
154055
299849
496826
311124
646344
10391
642183
74696.2
258341
612501
793803
458980
458095
855112
526379
877635
311373
551982
882513
418369
776083
960613
683599
302171
465982
989443
748118
641867
117097
409847
115327
973553
15438.3
740298
695120
380563
82226.7
32538.8
265618
853326
219584
765430
225389
411939
707271
927854
443192
695294
324816
212688
535493
955920
877485
998210
223674
242160
273828
366620
343950
617071
846245
710192
170028
592712
315727
153187
163372
556237
463781
73486.1
543220
641098
621432
576400
157132
89845.3
595451
68226
254916
751759
353815
497529
406568
77838.1
928190
169072
516717
255075
32027
265971
357387
115852
505959
1055.11
746419
122878
961438
955446
999699
726168
585978
359586
941598
765444
245317
937506
149077
80057.2
852849
249090
767722
968389
985375
800521
637980
414021
189341
331312
564189
896573
400821
307128
452350
415949
576431
378025
640125
443814
805943
625579
406929
447166
515213
315530
923785
705951
186593
563332
979375
353204
527741
554357
427321
946686
406392
124788
81856
405941
903995
374121
410880
99733.7
969037
160914
246702
789699
934004
327649
881439
43153
431129
666442
463757
878913
250369
451617
440605
389871
357983
986627
628730
465214
454535
113365
511261
908698
145303
984888
941554
906060
653852
633042
614926
662844
314083
888738
528971
833119
160587
507921
628104
767737
859918
22573.5
100841
121275
201329
363465
14801
416228
591295
951685
485888
268152
331119
784866
972346
95312.4
716912
550385
265373
223553
270803
322378
381023
97276.8
756368
69655
278354
314760
770876
257296
327711
856488
181199
106381
788112
3428.53
698230
585945
66420.7
335353
362964
221948
412149
305543
325554
354787
807330
239167
842264
687493
212914
56539.9
916774
310876
490723
868407
101112
888760
269504
678431
585422
331831
598067
219846
385074
711246
798762
113257
665513
794488
671147
952782
874515
137748
778386
320984
152263
206985
375111
369355
694484
324817
865868
763495
986408
483307
54306.4
612108
905738
854373
522905
61774
811089
75065.5
817953
661198
683149
344234
612582
907118
317579
19905.7
577961
924788
465277
64235.8
736523
172079
134570
478687
210528
513593
463301
520036
516405
941378
534967
132131
174321
292651
524647
420027
957737
166097
55571.5
390985
155629
530573
328942
973032
277302
356617
440549
739193
994932
164279
947086
376860
210566
873090
457583
618368
75594.2
262127
10135.4
805368
48440.5
12579.6
510328
949336
372785
364556
420878
823013
597284
604911
46710.4
676094
805519
783815
869259
395725
648298
337674
210112
304674
577661
152225
831185
230273
839283
647266
294256
522293
512440
43380.2
804252
280201
320334
985289
237057
5793.28
488059
337958
541097
141747
136840
292548
757894
586468
781603
232060
562382
94925
648377
361138
944573
936114
322682
156772
696464
87178.4
988726
934594
694671
467875
343062
697311
111294
418170
506559
473678
745469
722865
815387
631162
797198
70425.6
983681
948233
666142
974714
547855
130474
893023
584558
866157
725885
449914
107954
115600
645815
742615
929620
132253
936952
602897
208363
504616
617027
501540
68207.4
491047
482413
799672
554378
836971
744580
6792.2
783885
396052
537312
563711
295692
774493
554397
520241
574504
144653
76276.6
872699
994580
142105
672801
520799
184806
378395
309772
823217
890434
366936
200426
483020
661216
152024
743722
9090.11
63639.6
284993
594320
73919.7
84755.1
580343
836672
888014
643479
804335
841619
414676
390989
374392
813726
934200
947024
854494
160567
926330
938923
658007
227525
170061
823062
158878
439998
582904
323207
323156
277965
966647
107273
159391
671055
429205
88867.2
365209
191951
975035
70307.1
966485
429448
578621
819644
641015
436523
102051
635469
991451
159005
172467
670244
800137
632442
825561
949845
485035
941105
124329
686735
543543
298266
773618
62695.5
524745
35869.1
519475
662203
26171.2
231848
470553
963582
804716
720998
809590
621859
446262
195621
295215
303775
778759
610141
590474
979788
568601
150628
962373
288029
21133.8
308432
190193
876793
593286
615193
116898
343524
887184
693055
178342
683631
629696
7765.99
864246
952179
983014
637194
100763
667849
726654
560586
152101
482961
674529
336144
557161
614857
323873
156533
689754
599287
873004
327914
23084.3
881942
431481
738019
513792
918567
804644
837604
181285
881176
509136
43072.1
803281
580332
502525
387239
580519
117553
180942
103038
757506
198251
237185
25060.9
377800
712439
420230
949064
505216
576302
664983
685383
128142
739734
435051
226678
22863.9
46946.6
552797
363592
506201
537148
909023
785855
588006
373446
449318
220377
589279
651588
823015
677258
916106
530571
687601
252819
795378
774791
231445
532599
886501
302916
128882
722044
482265
16374.9
899738
847433
220879
872988
794714
781193
617748
473151
654175
439079
386740
668558
143691
29525.5
248713
742591
254099
93518.8
309525
959868
168489
446251
809390
786035
307538
303228
937662
114991
183603
632272
749763
804470
582165
952760
106579
261724
627139
573717
617464
702616
214309
572868
8132.08
10562.2
538726
250763
523610
658016
24857
782574
383802
6431.59
928889
780180
863961
149172
261828
219877
430334
869241
479279
138767
399527
24524.6
774853
113483
726687
149936
99967.7
756915
784788
872350
359971
256295
488156
293341
295440
839676
102551
794616
89632.9
166145
972738
65286.8
707019
564286
947864
267816
539093
804281
942197
304761
781286
117266
318811
787489
106044
405935
699108
225406
977561
669165
735651
391217
677890
963673
803245
772108
106974
81888.7
506090
745236
334849
736149
971067
185963
367893
386984
410032
172821
746557
506337
704607
989909
14337.9
402461
353616
157382
939307
862431
272549
537697
862437
46590.5
918365
781527
722725
378128
35317.8
921994
852330
787629
512032
305920
301620
512800
492808
843724
613703
687180
152902
652288
53532.4
968416
402146
731125
535077
94302.5
153779
373432
459796
158884
812001
766716
734279
134452
182975
741755
845999
926338
414688
337977
764561
695003
805869
141729
139115
155667
187000
336824
782741
993109
308545
1593.57
814666
837697
164056
126704
456925
547788
773970
55074.5
14835.6
349172
42753
572270
75595.8
218832
651974
871943
873320
320647
511000
34997.6
721504
608215
600627
564439
105165
45783.6
925614
7331.25
727659
14520.9
79139.7
700716
662552
38340
660752
963523
512475
769072
366589
611520
341919
709405
897881
536592
940421
461791
985995
273976
264553
262710
977511
747340
258465
748076
608610
48597.4
59989.5
543734
40560.2
289996
478040
77594.3
563770
698077
878675
868449
249480
619983
752525
233072
368156
378400
776011
961171
645042
134290
813915
1013.89
959988
580411
999902
167697
95154.5
307556
723478
30359.4
911268
14638.3
965496
28547.2
806839
967855
705592
477872
495286
314179
676067
229116
140216
145322
225796
623116
89562.5
878027
248329
805336
440709
719616
896013
623961
635623
712234
906702
466014
363040
732454
283446
755010
783170
546952
830983
683254
566545
737379
68731.1
714034
181835
981568
533395
850577
136649
878677
751824
825008
868119
547646
378861
284035
745475
534722
743252
517402
306808
972247
120397
748434
511244
477282
561744
776829
567061
972190
203683
648231
108534
303481
610662
765276
595447
74349.9
557339
8836.13
477296
17261.5
271685
142815
136516
330908
974921
255608
539314
74158.8
995080
888611
242290
628100
140267
892056
718808
862796
655044
792611
938676
660049
419282
401108
521864
176202
775313
822101
66715.1
859607
604902
787762
167944
912850
231458
622034
294986
740597
322393
811001
94523
692863
888194
606196
445665
986876
17867.7
242570
639835
670737
76428.3
978557
752526
554544
784732
319745
542932
855216
896495
354320
361362
724046
631081
22075.2
559540
456579
950625
230239
32700.3
441565
191157
253081
454456
227259
41801
108732
827464
646212
131624
102491
254731
555023
772664
76710.5
552348
47906.2
294021
69168.6
830534
976668
132950
558530
572938
59112.6
60580
713733
386150
201892
689548
411025
94292.4
739400
758475
136095
368145
266189
691902
55990.9
455325
662983
250556
68567.6
454629
246029
164705
538500
223011
57999.1
999078
254548
324407
648395
92076.9
265677
497335
85768.6
96567.5
159668
988946
49096.5
266466
344662
546294
888577
699373
365992
724514
290531
686178
750425
101194
136116
477590
389264
120900
930295
191082
318105
739837
658627
438589
557216
493377
576877
624311
721728
672896
702212
673507
132872
212233
801121
206137
196781
595801
971672
693030
286387
413440
25095.1
159328
970938
119162
349512
188889
79675.5
421041
103288
679949
401753
42452.3
700150
691037
409063
492860
420288
368933
801399
993475
949719
801216
304236
940555
703197
435556
640504
682987
700817
480987
19389.6
896454
297224
244472
167753
500824
446229
182410
802085
189308
938499
436889
502063
976346
299274
451205
243913
787852
896619
43970.3
192024
487541
493039
749869
526125
129039
136186
531062
246459
228929
966250
917780
281145
475436
151647
675279
171129
476361
551973
41948.5
912635
888885
421516
94649.4
850909
716917
451757
113741
754406
262706
970108
524424
721727
304121
258477
830938
924549
43001.4
548028
210613
377952
66246.9
377901
828482
880972
215831
874550
181918
774934
650723
995667
805206
344186
794477
806092
167562
913743
72325.7
820862
737017
333334
596143
225827
681885
904429
399980
464324
357558
13802
485964
673451
733817
672491
69192.4
544672
509002
383382
392495
131244
73062.9
931710
903141
385939
504042
886269
514338
606772
512643
178141
124509
49150
313266
379169
810283
103870
697581
572655
613183
199957
561478
737189
543539
330455
558294
403759
694254
13396.6
437631
87453.2
384666
974324
799353
412968
852539
198377
769003
683497
99929.9
258066
627704
639945
307903
441658
14333.4
601171
837811
682726
359623
694020
742274
402163
318901
310218
44005.3
756898
192574
692375
934022
706038
755777
674869
956908
577471
20628.2
4309.35
616801
191221
592531
11928.5
465186
143336
41860.2
749382
13120
581585
134157
627995
883743
13601.7
177545
735123
365245
88768.5
407094
956842
274659
93239.3
744478
274394
508247
379932
27603.8
832231
606615
774614
675895
902747
879300
633336
77055.8
438134
988408
404577
593534
661623
225649
361869
778593
911023
904767
631470
432519
374439
577226
990834
524153
593437
543540
852903
63743.1
990491
423602
904618
482468
285660
277345
356531
185326
819570
928889
15853.2
946753
157635
414860
3993.2
686001
795795
901950
102268
357100
686943
680080
772716
586212
525391
593215
787292
400751
556584
279827
435923
469595
424292
64051.1
777880
347739
627922
332914
484199
635948
359835
223333
958075
329550
57254.8
629542
228109
933693
409999
988907
74387.1
370012
381000
164508
23024.4
670113
535720
699723
751124
901848
990670
185919
588389
19459.1
378410
512182
809995
834703
224864
713778
862241
738279
662947
794282
517578
314001
354305
219486
706372
641269
480543
64031.2
899354
804085
402724
605425
455625
696779
783250
57142.6
742262
743997
794562
432913
30549.2
618697
728593
4700.33
268667
45445.3
844740
828032
798833
670855
944633
399504
694365
66388.5
529830
465907
388411
610583
370097
177977
490301
153113
381112
746682
265104
164577
398602
557929
895713
287477
239682
887456
176904
660425
173179
898351
1546.24
776286
660679
572752
776338
613835
141354
846434
637706
334898
56153.1
131145
913562
522212
92378.1
617111
200418
465202
840188
187536
75144.6
650726
283573
63569.4
392027
980502
59275.3
91498.7
118925
238963
396743
854805
737139
814168
910634
234214
492920
192891
230717
452320
591986
664176
132906
324864
581325
28460.2
247801
309689
254170
499319
76722.8
606239
524488
63976.6
922113
525143
709616
599784
221884
622316
56078
50965.1
675689
383427
872267
215071
694150
425593
891996
292889
30685.7
977530
20370.2
842685
393153
398063
5727.64
129176
758384
383158
421696
435093
736507
165660
475031
345776
928156
897384
142385
12452.8
600609
578561
852649
744406
353326
224664
907529
826530
848143
345165
505273
498718
341443
487406
878052
981285
949260
267012
810892
288927
71392.6
145010
988746
32066.7
689962
814057
193113
236207
599806
828362
226689
976063
145071
619628
250404
993371
552548
303066
897662
133513
998853
142658
857324
620686
150362
524344
331398
539995
107097
761534
441476
839369
146653
201254
23512.5
153060
43278.7
225729
634379
509414
193374
708286
273113
798555
152500
404994
501712
348133
723143
595692
925944
733977
445795
844860
462771
489644
176019
351477
925102
595427
482531
185946
670909
495787
691949
307971
536555
226415
174603
958851
276662
773895
403717
285741
241557
311751
762926
537105
292655
914710
560164
366267
8862.01
124640
180839
504852
751940
235517
299155
535176
694875
306061
196267
927228
845896
291379
727030
138981
449442
428095
654402
568118
291353
249582
433249
854460
229797
783706
525043
743378
513098
688018
903884
770249
291618
970665
153060
293849
184254
501088
289918
120868
591972
432687
168791
787388
23595.2
510210
126766
780142
447054
838418
208818
121555
617519
728467
621421
724729
707594
101927
465792
859076
850853
144076
76229.8
305407
403531
338385
503669
271410
669736
168225
423381
847942
189096
691446
651350
723190
333149
457437
350174
811025
752824
934632
519272
295159
580934
424499
125141
191357
814916
769525
10614.2
574550
104455
818783
372735
71966.9
266345
385190
996547
143209
133454
163971
542709
424684
239941
760740
695264
717328
441847
580371
463687
841320
422211
888286
790511
963150
794302
926528
128003
388677
399807
3191.56
360806
387876
442723
77429.5
994067
465502
557554
28953.8
687913
460763
6194.2
193220
213018
664178
65338.5
477109
725147
226398
394977
517075
935073
98232.5
17766.6
581842
518724
350440
875387
541001
934574
809784
48721.8
61685.7
622493
130760
166546
611548
126221
458877
867944
763184
272032
113903
967652
993712
370701
170468
130827
35733.2
978471
999897
432296
631032
170566
978855
491630
717199
49910.6
127432
999950
843661
370465
398242
225365
972774
152306
371865
389481
320231
529453
235070
329154
384623
513724
127761
582250
221312
971796
916392
242949
965380
921763
425711
409279
869134
641550
209231
62348.2
405883
529203
986868
453130
239487
491940
387702
277296
251135
757086
926253
489515
277228
323386
101532
72595
829505
473275
714829
338376
202816
822779
937367
399866
175747
427306
508886
944742
610646
816831
879972
149031
664644
242444
181062
803998
125125
64339.6
523435
198648
32311
772948
516392
857928
741370
978709
225160
247226
699986
196200
295974
536186
17376.4
884325
343146
3848.75
900224
557112
996935
850443
359223
933012
724208
321730
834942
196606
327085
28225.6
791389
123689
20899.6
740597
220718
800096
635229
524122
65060.8
259432
435850
347141
856978
383862
830552
96387.1
957985
816250
946622
172141
205445
283022
13248
924622
269590
237211
980637
241659
329866
879594
16454.9
244937
14884.6
191594
708355
310402
341070
827244
357652
673785
109049
983813
237697
348804
912450
920067
544712
618707
566557
212964
597122
715171
580840
111225
829760
607832
638802
218369
855569
80888
245918
261742
487957
122216
617561
110691
45552.1
860714
87122.8
241940
566423
850446
302889
360556
598738
319806
864418
413733
125100
882763
938453
940956
229190
601036
647779
728346
155576
946772
8950.83
509503
516945
943752
45300.3
546251
508824
384508
235499
44724.3
750377
844984
429287
449437
500912
432436
808798
448990
588491
763626
306700
381263
825190
984030
575779
432711
581279
9369.69
317703
662543
60151.3
163311
153743
916942
212883
528902
381623
891173
232830
421837
135310
882547
497135
934088
525026
875492
312940
393449
733047
575527
227857
182611
199049
35492.1
579273
899920
279139
869631
490371
242780
650127
717268
728635
253402
581531
404280
173435
571831
143169
49529.1
976896
476325
877593
529248
862341
994778
710218
431880
725039
966359
63346.5
261387
608561
360343
937640
600134
56175.3
486129
303388
525644
892786
682164
859733
978310
172875
825146
377565
552728
128914
199943
802137
289588
283280
931432
91073.1
412778
717985
523397
632009
240295
629167
480137
676546
944607
532855
45683.3
944122
397460
509756
481642
793862
567180
802654
74977.1
395754
850804
920000
192637
398342
248555
467430
168131
413227
169757
220058
513641
887473
330293
78999.7
395509
794706
595974
347643
802020
169841
491002
499755
614765
608575
675852
93129.9
187751
297971
791483
138788
787615
6704.87
100180
921260
822816
692979
310278
835876
849601
423111
694660
62286.5
838079
600974
735612
835838
466076
448678
271865
981284
548408
133375
477822
120810
526702
814346
957093
765643
448693
835430
256566
321861
322556
867876
460994
559665
372413
706738
720670
640592
668090
613293
509962
294139
528406
705358
309222
251249
133394
495522
915701
144910
440185
528945
941305
216909
118061
671970
652953
687352
49434
425074
199649
28729.2
241412
74975.7
409481
826732
489856
125906
686148
949311
419925
928381
49384.7
160417
340752
859042
886800
829937
409213
740838
859733
777228
168356
842711
418645
71937.8
990591
717430
345868
983925
483501
623959
57695.4
46777.3
641747
444270
445895
335949
808840
883309
509099
552429
820073
720760
183786
559053
738163
629978
106784
864778
61322.8
552293
383321
47532.2
152434
875737
956103
629618
657488
266769
565985
44282
248844
631181
564015
227684
325135
984434
380504
887125
522229
915460
585699
803835
223557
673780
862945
339694
779404
554893
960600
325294
974629
350378
104121
417547
661759
408992
970011
112831
349287
467254
484073
169725
489390
798897
107215
692230
179818
662060
373985
169014
882121
555553
649228
352935
540474
806978
867106
817699
269368
913406
642916
160723
188991
61820.4
290662
242279
244371
572577
635118
209240
487347
191270
771955
415891
386294
434977
451372
271747
257514
591112
833707
593035
157916
539676
992814
155610
407130
846181
712278
302720
730753
993575
34419.1
184917
829011
544165
243618
158290
346593
786739
245533
218810
770378
253551
558881
461771
636791
964568
234339
198374
392464
112262
136517
237622
87220.7
274981
589347
362115
846024
203824
410557
410053
604666
611179
489970
510361
898786
759244
352831
623307
404705
795307
231236
156874
332093
78760.8
34257.9
363219
82280.9
955075
473426
515038
373229
369016
982164
761443
234872
846351
688561
630569
118967
701389
63291.6
369112
491090
830224
87973.5
179754
137491
972417
623935
167622
63760.8
511733
577799
858904
943678
223815
383601
824473
596771
690079
940885
188053
978590
176027
931154
567494
29088
182423
10200.5
740338
733789
756767
308293
840248
639723
632405
286194
287564
328759
284723
717370
412910
980705
722184
627525
572930
719691
316833
107979
420589
376300
350350
195482
867919
78160.7
206433
687032
61671.1
834353
160039
11255.8
610328
177556
600907
680984
361051
839510
80463.3
645345
421967
197639
522372
510686
292534
712828
462913
200282
454859
819489
953092
823529
409139
915579
546375
898096
133753
885152
926604
595312
38314.8
701710
75936.8
55094.2
238601
725304
858377
252252
131935
973036
704724
384039
567548
957674
260496
104043
121176
814153
574809
890341
764927
482324
851273
373643
551888
873746
680818
164532
384771
554093
54137
331690
498174
779522
373326
741961
678844
115685
241197
690155
100048
724847
124937
166313
414796
494804
835388
523334
721239
261919
700345
627611
898129
56653.8
744070
705339
59398
109936
318959
328442
216030
660068
99965.5
170483
522910
810695
207286
878493
824188
434568
666847
843260
605261
83497.3
841835
305571
500385
512384
858044
188999
955021
646999
21312
123750
350914
206567
472034
208169
672861
368995
280353
708816
252063
741578
478236
508514
604030
455113
361348
365532
107559
702843
944052
797375
622185
359380
122760
297988
756255
224742
13191.3
115913
29389.8
720749
623426
831568
516678
306033
356906
916633
359050
444683
203053
122058
71598.7
348115
807839
416236
162910
40903.2
581684
28481.9
378382
645502
429410
350394
75615.9
794395
500721
305431
608785
888693
191656
778113
164807
610584
985983
512887
206006
993842
186177
24125.5
703254
233169
686022
347532
224603
630609
323387
650504
795660
632092
28192.3
31906.2
699717
815886
409387
87767.9
902245
347306
687788
546318
695723
623751
550227
343529
368457
989886
25209.4
675354
168124
990615
453319
529087
501235
951784
484053
857945
343003
637030
407956
637438
158747
541633
847703
805769
319727
199623
195394
633324
133184
797841
220531
327721
67257.3
585261
999794
940089
595885
746563
490434
838457
555520
922718
268288
359460
181801
668144
795215
229118
929727
238799
411859
902403
591916
784819
666751
699091
616185
711522
957292
643766
905834
287855
387545
321356
625180
52488.5
717148
962773
51982.8
258652
156617
930110
479157
761557
359051
347106
577878
571878
370832
147274
986115
235354
46667.1
560024
278440
463688
209878
136245
68865
851829
334777
257596
573499
867464
303502
343736
879864
660114
537927
827444
459411
636798
223731
95861.1
374289
784336
52272.5
240708
250799
856897
154464
949736
799208
245192
745753
561647
686019
741785
1554.94
833338
87172.9
821719
311594
725184
855209
68493.1
731968
167931
794881
521205
107529
146933
243034
156530
877390
559499
75157.3
24270.2
442740
641742
679097
822054
85462.9
62116.6
34420.7
51797.9
868107
920162
187177
192793
998630
226930
838453
294368
774719
947018
584996
893529
871491
679425
524555
407803
841991
572118
928986
42587.5
342372
365362
957743
915070
699926
966201
459098
861684
582618
602248
690508
342389
777925
578379
915587
871752
129497
158592
135705
664245
367553
970550
721572
466108
468013
990819
684229
380707
214816
949412
88437.7
578283
298013
844151
476686
195490
815860
171925
92386.1
658588
881968
991188
67491.9
534994
773906
75315.3
504375
532349
723292
99315.8
927983
54318.3
727562
152502
694934
857242
95932.1
856408
829375
189084
787137
337101
661640
119824
57625.4
746411
763277
53591.8
462221
416512
472120
466946
213032
208437
792084
439234
977076
353608
745904
293272
544473
658314
162303
226865
424301
295294
569983
626173
558535
25055.5
928880
235086
55499.2
222927
397699
377598
111049
801282
824767
922911
879569
375597
52098.4
606655
642269
927990
65109.5
814459
953880
206655
390704
231561
552928
955875
522664
323601
954883
50828
156308
979327
967229
434934
35543.6
373070
16249.7
690431
543434
238429
269139
711666
588496
763406
429787
599149
697495
606719
13270.4
139895
467949
779282
198850
779674
201634
170284
417551
163789
362948
75187.6
378973
582394
884111
667247
87524.2
206271
775274
430048
658961
111207
639266
695359
894293
49527.8
596084
881855
245858
688255
945597
877874
138044
368828
248575
873522
94562.1
256460
940510
27738.3
339477
432765
556767
415501
306196
126818
556205
106845
958598
264440
776424
353080
415226
162584
125792
312023
97504.2
309324
340935
846030
319930
649252
146619
859095
885338
334780
768656
288660
977771
344993
401852
672200
648240
767448
124023
288884
461273
184907
877474
394060
998272
399193
280389
837361
850033
104463
948520
608985
585302
518990
19098.3
118026
156018
694523
735720
268810
281936
975567
101069
302054
55102.3
190701
784222
181221
707178
409767
116028
174649
451214
952718
767281
391324
240790
659528
726657
692313
208252
539734
481647
19615.2
437640
888405
47120.1
951437
742398
60276.3
775584
523407
903343
748237
935550
951183
527489
497033
406759
525107
523279
189614
206875
64197.3
924980
761708
69919.9
622286
824533
924966
215242
767302
77770.3
991773
875836
311670
112093
655796
56124.4
480535
420686
653634
650867
502493
381376
234143
146325
84120
269902
338334
747257
203872
820918
458107
36838.5
998185
284406
882269
256569
222287
8079.93
783919
682995
997506
308576
283992
585885
554671
352742
822022
656702
264800
841844
661070
677697
949803
58228.5
371146
364638
512399
375640
537786
859283
326709
528312
901650
551012
348632
950343
292405
614855
644027
795533
654415
100633
801489
613782
115697
643417
600245
234492
557584
141704
432629
92020
782123
358878
382811
650771
721653
227878
146049
936866
625849
387897
561311
319696
916164
123777
548115
486226
644222
919461
908671
780314
104668
177259
363405
258891
218133
775737
89027.9
746948
927223
933739
839479
510557
83070.7
774415
23459
938272
188254
677719
303780
641889
122643
19809
257952
875688
714446
884678
431927
693064
104104
958816
294869
85813.1
638996
146499
531656
998946
115453
809153
430743
469207
679029
343458
454404
577555
573382
185312
4629
815787
339944
571449
189397
719967
784863
213141
869972
62639.1
865668
763120
774548
220296
913144
982529
155899
954751
862917
781210
55833.2
948937
930664
351819
961108
202187
48617.7
790143
915912
301475
690736
617969
542955
309051
452113
827408
995849
474534
956615
193138
822782
120606
477304
68524.5
638580
82926.7
567882
75445.9
313239
38543.3
489515
118742
541493
112878
177063
332849
258328
497097
208872
288681
419578
280222
379535
373233
105439
843138
462043
46482.5
829562
228825
361018
360981
910808
446931
850640
541229
130353
640732
431122
846787
465173
303203
97661.7
535439
492581
821926
204468
367073
601248
196344
327899
736735
104226
982921
686116
810571
610000
276780
415507
104955
599218
908372
446623
972638
833035
801569
844010
221831
924103
682056
549941
712676
361076
166401
178380
881852
513169
232449
648679
829450
174072
382177
409244
116066
956447
203966
76318.6
459682
692609
938512
759528
220264
858438
399867
160316
262624
231460
7713.21
352801
416911
653142
677245
903653
282604
204910
387470
701447
285462
849579
101359
821523
266782
429419
368415
213680
839283
405143
520480
32534.4
768440
213209
976210
92833.5
146864
745656
289200
584382
146275
657914
306698
361323
267297
729820
648556
25452.8
825764
244395
580693
661372
31520.6
52618.6
792839
511231
43834.6
349186
495603
57808.8
588924
791784
826964
854071
182677
942376
498065
69930.2
995671
527766
924050
825999
741823
672546
824112
789847
426394
876790
965170
682472
704751
826693
701084
865047
424289
483484
145889
315420
938507
579866
45179.5
740132
982703
958071
577950
342166
771116
508543
170606
527266
782281
442499
2334.28
170837
945640
781128
121659
513886
937176
787536
508552
124131
326943
983845
675755
958377
59532.8
855719
267344
994732
756789
39647.5
418320
713199
321930
198683
499240
647565
683411
778265
334234
604001
605046
14188.3
951656
5508.04
320583
287965
801278
192654
189120
219924
926855
538622
72902.9
283462
592617
451606
531626
581993
996558
827218
90451.8
807211
232654
624506
649726
426583
619235
741415
669192
93573
307076
338092
186662
93792.2
402760
554507
159040
777507
157927
966632
596936
781962
964978
925482
683727
768925
696692
180799
416516
217774
553211
777647
900796
395618
27870.2
10780.2
234073
388094
916253
763662
780368
265275
166457
109509
247248
58332.8
571230
668843
648440
393405
597940
616036
912533
313373
803144
927061
796356
212452
3156.12
128427
268488
914253
463361
61565
365042
115022
293131
68301.5
821771
368933
293006
970429
741105
464221
238390
209053
240347
993174
64340.3
68574.9
633306
675243
492891
909889
103507
279989
789680
629271
746053
65897.9
389556
863486
535170
203018
601178
161704
103505
702684
186098
295657
163070
38378.4
652422
567813
177970
966412
241597
774289
425038
97094
540682
256382
683341
605030
675475
689436
797589
500351
926298
952599
580205
176349
583686
708569
716361
555707
933307
844244
760611
763552
171704
733715
170653
935106
664051
525299
447716
303985
88919.8
370215
79062.6
50965.8
959615
371925
748580
626833
589618
498662
615762
338970
247763
942111
119699
787311
897913
834502
159435
208342
483066
842033
848469
308389
924270
590557
13871.8
636529
645329
798271
232112
606850
958132
166096
484397
843351
214300
22010
421639
950712
966230
645841
9858.54
589989
606213
733444
719216
999439
498319
629464
677361
374855
761880
165043
467801
435128
81277.4
151062
290723
605161
522763
88526.7
524901
429697
609877
978237
932179
126804
505691
991117
623880
589661
402251
270827
106966
477001
370424
339679
146343
819915
936443
544996
713027
311243
323615
47855.7
777428
626135
760022
196372
101491
847382
86738.2
853271
445237
569202
810664
464725
324943
265354
918246
615794
402601
127797
739547
671445
206668
639026
252044
88185.7
239664
579122
188799
546553
705452
848920
37640.8
144790
486969
57893.9
443390
10524.5
148589
169008
997957
121746
401096
469443
492128
251985
424093
577868
985364
318081
465599
425699
333199
409305
75204.9
70811.1
35001
620582
795853
814392
11661.2
108125
782273
131234
463307
249991
580966
844858
952213
741159
531734
747321
401914
197375
281284
367856
639611
504154
661146
378765
628842
862997
701061
75210.2
156276
593215
288510
638109
65294.7
16647.9
632895
128494
764851
632663
224629
282979
726618
519460
449652
855413
210603
26207.3
723149
790284
746505
865370
352853
57104
646152
808013
845691
801426
378264
376258
22824.9
121839
97384.1
585312
486587
166240
537126
854334
186181
663751
413705
728784
26408
311214
469556
207987
926976
425921
685753
385018
781191
467052
738398
792381
995437
51024
731045
864794
860764
992415
73784.7
720923
975993
246647
767217
784246
38902.5
979561
48760.6
37841.8
313576
577032
116790
645766
965425
588459
532385
687093
14572.2
370696
211337
793260
413184
640359
377198
932452
531332
117681
315418
284834
898575
853942
830218
931742
716385
344563
611942
332169
820145
191861
336158
13375.7
797697
732409
773043
26424.5
914003
589667
682941
347407
919086
576658
216143
101456
16314.1
131691
409677
87785.3
674801
963627
759774
841190
780899
867863
774061
337803
8228.41
432616
547314
303335
431329
571422
883493
630369
977798
753423
534122
707947
679973
954395
908671
872667
540079
328042
887138
355070
473743
986199
908962
484073
20800.5
695822
9827.84
199436
323660
829130
996871
165774
443690
757133
725543
978580
427147
645487
564315
234881
881074
549010
771408
475695
534461
971589
128528
199041
244306
189935
218627
145258
773880
681186
414042
720993
692568
140063
290427
251584
523857
178673
503005
976529
208461
48862.6
273810
63793.9
410357
206195
757298
540382
321159
783833
614114
569281
290811
365870
225801
896493
667945
671893
88966.4
723783
216811
832844
676263
771536
823659
11335
499037
557742
630194
164120
318715
368727
584387
704801
296513
607931
319995
367895
549927
374175
30871.2
86178.7
509003
842754
89101
776671
103055
320463
96195.2
207956
164601
40000.7
912316
833270
763738
206101
374843
47059.2
12613.8
258724
420521
765588
891257
732990
986474
772925
736603
56451.8
406415
495176
808144
199289
816765
165987
850908
218964
833183
538779
788795
96719.9
246823
957680
816171
998000
954487
518318
375916
201457
134471
297133
531345
293375
395826
607499
917941
442902
328000
317229
3651.78
336453
592868
239311
749439
193319
119826
603942
644325
59535.4
599349
846530
828427
561893
208033
74213.1
232275
497025
520040
800125
285915
660838
61902.2
85944
519802
697119
527241
692938
372710
302990
102975
954844
98681.9
367.524
168570
984572
588808
298289
694193
803101
307874
378802
662037
612434
5549.73
305271
469250
504190
41975.2
192158
902595
569902
659369
309281
42632.5
987708
131470
27630.5
479372
486614
981587
819816
695981
442573
33713.9
65432.8
374108
891533
279657
788311
928488
132105
322652
459240
791003
639259
994509
287126
160509
4050.59
289696
999023
959358
791605
878506
78099.9
648737
20166.6
93404.5
836911
405045
772778
127040
682644
316605
590554
432051
829369
414740
443955
939685
649873
40320.3
374360
168321
868302
625506
73005.4
570648
600139
511040
104106
211111
451552
111974
247626
687147
247884
251457
731150
376034
481248
319838
370900
936274
142969
35366.9
720818
755978
73331.7
302766
249834
406058
207114
315375
998304
231388
111790
571241
885942
356991
247732
551276
289914
476250
774063
464703
446641
876475
506844
994024
613649
655061
642290
957627
463951
185579
163693
987333
976961
700751
767162
560186
751084
757735
897435
16982.4
63433.5
656130
133471
10400.5
481462
385165
990434
978364
637602
523846
207978
540765
33950.9
308667
882628
83956.2
507236
631588
336382
436817
232409
281444
932759
41617.4
376734
81417.5
852201
258823
952070
483882
92970.9
65854.8
893582
277322
652563
539862
56731.6
94383.4
939446
840378
867162
490153
530254
982212
19414.4
758149
829806
362691
640801
987163
878266
547842
655695
137118
486270
731329
77213.1
499114
306881
813233
564985
106214
942520
432463
77815.9
432387
932471
497755
885091
605639
100205
436869
196463
417743
962964
42416.4
524512
652067
202627
945369
541118
858987
250824
61810
198625
429907
957513
838781
762989
720266
866664
677464
956964
234095
869042
691893
610569
473205
746318
796639
233121
692196
976151
974456
920612
101858
780896
861120
833520
580563
928044
433472
500218
898691
543894
845549
734848
769191
661191
79688.5
318948
329967
656287
684194
864996
568877
158530
610832
395231
712344
411752
679298
745069
640617
938296
488967
106696
470063
18578.4
315157
75937.2
40971.2
854086
723266
788037
956847
274220
728566
550025
519095
19894.5
944213
162343
826257
287978
305751
376297
908048
743655
746827
623118
969288
671007
261063
413284
866731
269779
559295
407166
294189
12515.8
156731
328314
718877
752459
499273
456845
570186
290817
494873
99848
612747
665072
88071.1
262751
110853
64555.7
696616
90314.4
206242
731065
510452
735647
86650.3
442788
670758
738894
946709
151335
794921
868271
936633
494129
856532
428285
479249
448972
413387
944143
511202
813174
277041
775444
156961
892914
706906
773609
484858
709844
863403
249028
648574
702873
762316
223407
895978
101807
289326
548001
520408
984495
895630
135240
285244
387783
659425
983086
40134.6
602669
908562
397913
739121
644549
501762
614063
131417
851836
701188
874350
962228
316046
677634
729926
414898
55107.5
635027
159047
620537
923668
847533
911182
525704
757263
295436
862535
744297
682419
144957
564085
67230.9
68880.7
592452
955995
548112
719455
268090
359491
899894
139035
937083
767776
191564
52054.5
707982
665408
92610.1
711089
599610
787862
20561.4
809410
939561
314946
465402
854529
598628
80841.5
221699
228199
787027
760603
290666
162733
858379
987272
365683
800302
67582.8
764735
704961
276446
770821
16244.2
538817
469005
369427
695926
243684
580332
128659
927460
463775
52831.4
112949
198461
728443
950531
302305
863726
205798
579460
286960
768765
770482
1324.14
166369
83970.4
510100
925264
684679
613701
824983
392549
30566.5
909223
288957
762855
756660
495108
347516
472014
155265
867038
643646
187640
189809
330813
200328
437297
389693
831836
458744
733685
713784
990675
613069
137800
446734
888226
882279
666048
501072
746962
369516
450821
179042
919687
208148
863745
748764
130190
365541
280723
512512
835705
670475
877786
66938.2
123577
162672
56740.3
68960.3
113465
254353
245237
480365
465329
933151
414985
113564
164561
822289
307535
921477
939785
399988
338764
498798
99355.6
731047
1445.36
38039
378698
81529.5
25265.3
448152
458151
44633.1
120306
504497
675924
620364
45565.6
917091
151489
67658
593721
35902.8
587885
479188
890426
853401
813625
953935
472126
163295
905104
41339.4
700563
879354
94429.7
475984
595971
799151
705878
161073
276608
136514
220537
254920
882620
416764
300629
846941
365164
510020
856032
809161
990211
603286
176059
680752
830127
714835
304554
90585.7
628105
984047
420381
974582
444365
142234
611006
718088
550073
219169
153150
540570
316471
904429
528328
836220
545041
223838
463993
244924
736620
783575
39120.5
174947
325217
988680
191373
428093
646584
5964.66
361994
343195
76615.7
652651
693973
427384
553769
882725
497119
476833
930621
787983
617394
860300
745310
745764
326841
482768
640855
491941
623110
902427
542042
419152
586602
304930
480841
989999
386500
69292.9
520013
232800
703995
399505
715480
211349
984518
670637
261004
43836
560774
707426
20103.1
624971
247470
20110.7
224188
752095
992771
460737
130244
110041
232675
717393
399679
708603
906849
373598
226045
826137
612345
793716
847520
274579
318890
542569
539294
228651
499246
354314
182751
516289
571020
824906
72033.6
236744
642504
552432
600188
423409
544527
589231
760539
836658
244797
315738
247138
969674
990111
695808
441117
578204
846490
113502
741918
305712
404163
5606.6
543142
750790
117814
90835.1
404862
811502
22887.6
503511
382316
311679
851278
340548
401857
635651
620227
450767
661414
232230
565940
460069
817792
19722.2
634360
785288
334020
457794
365256
865981
868510
362978
324281
582364
361250
606292
51418.2
724238
796278
692588
180573
251045
795685
757237
953894
660525
58379.1
9592.56
288060
193187
382852
698692
204490
559071
655342
760830
43251.4
719289
489957
977206
295718
337854
42366.3
586035
808122
284135
111726
431579
17352.3
74994.9
856025
723793
462205
105665
196002
93227.7
831614
813062
990204
937731
659802
614358
936170
678400
477149
446299
854703
704118
489812
608331
218942
734117
31314.1
428377
109069
383986
962458
815791
210628
525273
700676
92982.6
113720
811271
529742
610533
102869
913692
256377
698087
483076
701002
310766
552524
668825
711703
175083
161403
200959
994928
487970
412912
815251
221581
720566
330705
321660
635521
460213
521801
473622
558541
565476
584197
598968
582843
31233.3
664161
971745
929923
17789.9
189704
247776
854705
18826.3
712312
351116
65386.8
888869
203523
603031
356196
594042
824897
164861
919822
878790
452417
585158
375588
111642
882433
109546
905499
970247
419656
807109
418153
686002
787631
374345
875263
730085
462570
929744
712047
459916
392903
615904
262987
286326
235008
47161.2
438344
917912
842702
262236
858780
165512
543164
588546
233629
565864
944688
457601
978641
384095
954039
406787
206154
344711
146365
975725
355797
731539
295616
209330
273465
290646
140122
228334
709263
797871
135938
923249
882255
308244
284696
886511
259857
465257
982929
739244
123130
695235
72907.6
807963
401497
458477
147688
367413
495669
764009
769897
384385
676732
398776
582577
671780
414909
253476
878523
907420
794074
922465
202112
912245
610259
54843.8
931092
456693
454920
773016
869281
228172
854408
687234
154460
656139
838591
226585
171935
50883.7
551535
335860
867379
266019
523204
515310
25459
527916
654373
420125
672518
767375
592454
533600
933861
61873
366909
793164
698401
49501.9
665704
21608
550384
76791.3
927448
465654
816265
477966
297199
457134
35542.2
185900
397362
473600
837490
957669
136021
191218
545893
568759
341749
404498
788733
598901
668495
354884
753097
695549
427328
796066
424339
493866
918754
615694
278362
463836
407309
139471
336426
185088
478417
491146
154792
595943
760683
992704
628294
326027
499226
156050
66817.4
397427
684270
516999
235934
858061
377430
222872
984826
772890
384027
622864
696325
562309
204329
192370
468167
881756
183739
334895
513494
338285
719027
554049
853249
14750.3
966051
172434
535473
44000.5
671614
239889
695129
594188
396073
663686
694863
948894
71190.4
185761
699895
581342
677462
687941
658874
23360.1
513581
494876
899297
607936
858429
498997
117886
296050
306569
184204
789921
556743
577912
117971
727655
945993
742287
699023
125351
774009
117568
991792
469526
545203
721001
653191
62674
741022
359253
802510
569021
493645
671940
274277
623520
682481
401533
606849
826109
138089
73066.6
167936
372935
636162
88186.1
156275
231386
682706
392355
383928
835511
114620
482760
969299
15059.3
590127
133538
956133
942137
971976
234602
928731
570938
364883
126195
858081
988024
442664
554088
144369
526895
957767
250231
575253
782580
269492
984717
956079
729496
204902
368810
349921
65841
52718.5
851645
738865
258257
281381
311592
233648
261884
400994
63418
782658
468148
810409
649907
472232
90992.4
138907
594403
562812
542272
917142
667583
284110
324042
481913
284776
840245
63655.9
392580
57106.2
405469
881346
780360
18249.8
645091
64241.2
236436
972458
648486
972111
603582
676667
327020
34580.8
844105
962993
223557
129678
735764
644279
14138
566911
609345
436360
945506
485012
431446
661514
344730
504444
152051
977758
345893
629321
6803.32
93152.7
286447
306806
680148
878335
511257
344519
63103.9
171902
749227
772246
911178
140057
320615
45713.2
539699
547745
597691
375537
188139
576167
586123
953967
355965
307953
169694
366106
470681
319418
142902
825932
912051
420241
318434
444867
626052
152402
992942
414660
599686
450982
975325
203102
57077.9
754163
119584
842285
818992
863258
652391
101977
731167
513686
339954
550235
584746
772868
938960
18453.3
220026
515997
274605
551464
508564
781939
133060
446935
131767
920810
729424
157802
640061
713220
7548.63
392836
335942
694930
462857
486834
347141
585023
272447
302760
240760
349359
978639
816601
64254.2
101340
362028
771610
255244
705591
473652
988908
526614
135976
72119.9
902930
605867
404662
153817
213742
396658
172044
298672
922899
58014
382454
959573
42698.5
577695
315212
878761
481651
324553
447007
792303
741291
304702
775359
684823
420018
568952
878711
902875
881313
873607
964985
230887
824261
68053.3
482441
618059
878212
129359
69336.6
189569
575718
410687
439625
447694
272790
436942
341066
94539.6
653346
960425
270250
29842.3
813231
931077
951838
461694
159608
283307
127549
152187
397922
185065
926039
634252
47671.6
316063
413103
973382
403623
725874
420984
18283.7
975734
542192
20080.8
711732
980618
119319
650620
57493
933763
985256
421869
964237
696136
923206
475182
351692
306170
389284
451522
599824
134280
653282
565335
270373
239807
477837
740738
971798
421993
611773
299605
17641.8
1741.63
935669
970324
516365
349814
44669.7
64018.4
51320.7
421106
410295
105297
28096.5
277247
26749
942785
853770
260460
131230
369560
837513
907589
955743
787529
764081
948321
90746.9
315989
706971
615708
816282
934495
84237.7
846903
285408
56291.9
866516
789516
913650
340736
175527
546052
34921.4
95069.4
897397
923766
532838
848047
691798
558889
160785
718059
869195
804556
13178.3
272417
609845
561867
862964
38125.1
18481.5
863217
973782
8651.4
854992
164075
166450
161576
40791.8
223744
89582.7
470744
847034
164852
160612
161069
403181
536371
402124
788697
951801
373642
970883
379005
990755
936352
152909
185485
292737
558067
686944
914916
688905
696482
795067
990501
22021.9
428542
45063.7
517027
832424
885581
47335.9
502687
366044
776791
39173.9
763062
845207
330219
703739
306217
449767
212555
587549
393216
17450.9
207123
911916
959087
420624
388603
467264
480349
42212.5
631862
923588
288375
683233
865257
758445
714309
564372
717571
507803
994483
312472
538101
457836
153359
152029
351893
377490
499889
899474
895732
88889.5
187520
31880.7
399277
224218
650302
750585
161907
618512
547862
918959
78680.8
357497
932562
836862
865404
126914
659029
504411
840743
565319
361647
887226
130026
486.79
617088
175395
297550
1002.73
868522
707004
995553
415053
408227
883356
702551
399776
404502
4354.56
823380
553192
955775
135879
440326
685013
142675
408397
413762
431601
722218
853146
701143
615615
597054
602197
674854
850810
313073
125883
857959
864398
578922
304658
794961
219712
33741.6
606487
68218.7
801110
824782
107325
225583
848125
410440
136771
283612
729182
321439
73839.9
827857
934657
510095
827477
33649.8
283131
233022
855812
871181
808618
429028
948952
870242
960731
357011
66121.1
946206
804187
940283
653109
974472
13938.6
638823
409557
485819
597679
527158
209177
135130
577560
195489
498785
823024
225152
787930
191994
911590
807907
789210
23257.7
755906
4340.36
108344
768182
707055
875940
159540
595235
239309
11444.1
216352
459294
927874
946144
29533.5
969180
815239
27331.2
236354
513748
277245
277693
554406
305844
4002.69
746523
365143
601019
739996
110788
338373
96052
571795
643261
530713
956261
856107
139886
858566
953104
437512
327828
232757
925869
356807
84874.2
646469
546818
44087.7
902567
62755
834043
195706
506053
276445
32803.5
821946
190423
151321
150980
701099
932587
196796
91110.2
902480
697387
526149
280947
742499
747048
253804
643268
721512
555505
202825
595227
270877
640829
784580
48589.4
471835
836600
345942
284790
807734
738334
471026
655624
69808.7
49149.5
656080
390075
391830
754356
970965
717655
364469
371859
584930
322264
618938
872450
511824
119307
412096
518801
308152
590938
497097
170844
916125
665575
727018
206595
583627
737645
382750
52267.1
182240
164031
933000
997345
713612
575718
963377
244976
458269
418630
643070
109981
64332.5
157366
834399
179441
838635
661772
267254
479586
884836
817755
235274
877086
167744
932256
240923
472675
600843
48543.2
212259
324658
391662
441170
440399
778595
569654
661430
922623
357628
430898
337824
161637
44988.8
369378
883166
559213
71244.3
734356
110904
982186
689175
860307
266504
681567
249685
233960
359351
805862
722441
838989
291179
917755
388271
696675
518085
320461
746086
594451
816147
751155
710090
882579
882221
336416
213967
137059
752651
761665
730510
336351
58473.5
343688
894884
473883
58623.3
128519
263078
522053
246530
253465
429617
107238
613727
735926
651267
980194
443349
930150
205287
520065
976265
907745
815670
25639.5
285832
910320
467000
28361
431783
542850
526843
656664
52952.8
709817
311551
772086
644164
414935
408480
69793.5
494228
417810
429567
553360
404581
583741
970861
529298
876451
323647
799675
133017
192641
248383
311604
385265
532271
720543
357197
453082
616353
561589
630938
509392
643678
204157
9947
866985
560447
662070
390635
87617.7
276700
702520
82653.2
118563
534515
487643
967589
452520
630017
862760
157812
947955
726283
949182
663408
406888
123233
529800
824174
859921
276129
877686
273758
915670
62442.4
127809
865489
561644
808081
433273
363244
720366
470533
597285
96979.6
823320
676372
968868
382889
700740
776393
309676
871640
65593.6
78666.6
110390
553683
269256
865633
136598
867901
710480
990987
372593
133335
474651
463138
412032
621088
982744
147365
237527
989667
919783
114197
776681
900934
58531.9
387549
129302
815206
726987
758292
269225
457148
265830
91254.4
417632
270524
753985
324334
505639
209666
826700
465705
614446
511229
904201
465613
665837
179128
634580
623895
803452
667363
563927
539568
340136
829265
773275
119160
531260
482001
464340
479144
73967
622063
436615
484750
134307
891004
831211
86212.3
808610
142395
754108
677444
726662
319949
360844
788216
790564
427686
957415
332594
819729
592404
885974
376215
457447
491274
210245
84609.2
188210
386370
495428
79786.7
587198
86469.1
937543
135937
847936
353566
84660.1
57013.4
10762.5
659799
947749
591654
466753
250328
988047
732762
56894.9
102428
359835
984342
877353
185604
694221
629690
339474
911225
292046
41404.1
343529
135941
71679.4
205904
192504
452723
883414
518902
995611
993287
625843
662133
696230
824755
780807
752129
752548
535881
811171
465766
662342
588583
466556
626676
743375
925708
496968
953804
957743
625754
534342
803023
953091
144403
955743
646232
993716
734478
961329
282007
386041
206417
13188
14961.5
841403
759069
413623
300910
546465
830849
862588
459401
712605
973771
854323
245170
498971
759661
818389
930028
283915
413197
665338
920119
330460
814751
906103
206325
402673
251521
802526
990737
258378
69699.8
124259
653324
82223.8
464694
136290
596530
964343
873308
741407
581419
83697.4
141720
445057
267967
97042
450031
104224
303515
540827
163255
495265
494315
374020
482802
284925
418403
983943
650662
763665
520539
529407
309597
608391
210757
723442
226739
700996
686393
29976.8
636969
868330
422352
329007
892583
710887
18380
639353
782205
254671
569042
640370
799314
923475
287778
358788
117458
834950
716197
811938
802494
80456.2
996927
993039
734218
664096
5097.41
544922
869191
102782
910727
594393
836452
769352
108078
655945
543089
794938
545327
51660.7
469082
184483
545592
840839
25138.6
864212
493673
145326
557240
842626
313518
661287
158943
587493
623112
667818
729773
966734
422082
539186
237573
609207
743533
436182
955476
265283
680225
351128
202055
461947
833574
546347
41096.5
708182
429704
958189
895515
702170
906615
953783
149590
778322
230471
519733
781122
197130
756025
484414
227879
577000
121831
750965
433283
753140
459622
724627
130844
107954
96343
915917
742179
102879
856505
848102
473507
902006
297426
715888
825472
662453
861796
81145.9
160829
219763
664363
83048.8
978506
332740
116641
922768
920077
60610
741297
872417
35853.9
151161
563225
988621
329259
779904
47677.8
804079
226352
216337
76334.3
401297
844178
453828
892162
622281
472168
33116.4
983638
949281
582304
50493.4
760767
224304
847271
708214
689280
484343
241223
387271
137399
248733
629588
943164
696837
775556
371048
899554
463713
609553
630137
992553
206015
860525
984520
681127
556139
510638
357749
227518
405169
150665
955604
594297
578236
27104.2
97248.5
768554
739030
197107
546572
974932
596852
195052
381175
900741
555693
31757.1
62119.5
17478.5
230894
314447
377018
543550
393407
162630
971821
240634
291534
700981
46892.3
484115
866994
221157
573176
168829
945812
304223
337344
733822
542733
931430
54940
628778
302268
199272
861229
445221
672599
563855
197505
285192
997195
973261
743207
13164.3
495941
640768
898581
45552.7
418618
673708
77109.4
508205
748452
304474
110276
221828
388967
879292
146265
188362
309592
536210
438185
736586
558513
934255
109021
516667
968194
749336
42298.7
985941
525300
942222
727199
229727
404930
191935
629150
877873
208234
11183.9
637620
569322
14875.8
512084
863186
511084
435684
977417
691637
526031
283975
991464
256502
841462
182389
794657
741837
809290
574459
391402
995811
451132
190931
667285
758420
271710
476344
489364
272181
490994
321611
217824
42854.6
417349
975514
925716
468891
83041.1
28150.3
990511
74298.4
173267
604198
510953
683140
383203
353423
776235
777266
819795
838329
633918
111245
471226
35775.8
856107
746009
496544
181727
479963
950996
580431
330401
124459
586250
632640
751521
922266
370019
744768
392022
522748
650723
776978
40253.2
660679
172809
416988
203399
50370.2
561672
610947
602160
598007
474975
533700
417745
441729
201144
256618
188794
713376
156086
517687
557190
897980
442904
7067.55
51670.7
36515.3
360033
682624
163788
661636
431381
637214
379919
530056
339288
363701
195995
182220
476919
9188.71
181607
478660
221045
853792
279428
104265
737077
668029
485394
358896
213406
151670
200871
619802
195103
3666.31
773379
735936
858014
704783
53175.8
545836
305156
244734
144697
118414
998899
488692
118885
639388
924745
500649
403694
923047
593310
627917
594395
830622
908380
5547.78
500135
476873
348286
525235
413726
538844
183561
151996
614955
470436
732417
447700
740808
654804
756258
992937
126225
376542
269672
598497
445937
553959
258083
528152
21172.7
61624.3
435857
955596
852212
438215
447982
846967
348991
335111
136230
736639
847937
364899
211710
537920
189928
718602
210924
149997
282181
29192.9
403526
84339.4
36754.3
50930.6
474528
418930
675156
551299
709239
896143
3542.61
629483
936644
338262
349098
570356
542344
347917
696174
250319
43031.3
48652.9
594080
49002.9
17125.4
729879
520136
481106
834220
794117
114773
674657
930237
806442
905748
19297.3
684189
634136
416929
795531
664797
602399
211217
505613
713277
787776
542837
762845
225053
945359
707854
126762
43681.3
877369
277034
292879
760402
180253
33571.7
714390
3569.94
668058
965789
529550
13441.1
731412
629191
954098
35255.3
152841
771434
79807.8
708878
178133
373923
194470
913424
44873.9
472357
939734
539509
192229
964553
722668
353294
319144
713870
969371
831266
662285
733350
550995
812807
821106
189850
333383
627923
108671
303008
68183
241048
651990
742906
940866
98318.2
254946
16989
177380
732909
673337
200516
853767
724660
153664
283330
843816
843058
953319
389542
57934.4
791681
782302
43580
864664
93807.2
5586.4
305521
635789
244509
457287
653086
524641
690460
904814
948686
50284.1
158430
118313
135087
424323
813449
967082
758320
632174
441924
400930
637810
161558
875299
367566
723917
30558
495015
428310
372761
506856
871109
313680
682743
972024
885987
882000
766867
350008
407316
65456.9
351630
905414
282836
170621
949435
279370
942388
741077
688347
393215
216582
405395
680785
855788
437834
743411
111267
736997
758235
977307
620605
207104
517713
436573
977016
478920
374129
457025
611184
386773
231200
193618
23063
429623
618484
614796
468637
834878
575179
185310
882403
395895
640150
481105
614295
294513
34754.1
765449
381913
500622
266624
902768
83643.5
559024
28020.2
987136
657835
749993
993886
395226
21414.3
859689
353930
905801
358832
136017
766046
911810
287913
103903
431533
632759
888853
611825
776431
857414
377374
478591
896644
378676
225611
859655
140288
43130.4
970998
653589
433564
880382
871840
114885
45591.9
444803
558885
163532
883057
84824
419427
445279
737563
9776.77
584764
849835
689363
971067
428019
473461
218084
716848
20413.9
577595
444893
976366
100812
41562.4
237672
217953
605206
598610
249158
879911
386319
463733
277472
504708
876210
943812
163116
574761
94885.3
79263.7
688644
234774
736502
294988
908565
873906
653751
815518
50445.4
501062
572018
307241
164043
176952
183932
474637
875160
137038
994740
429040
714557
470838
422571
226866
656575
497837
866305
630568
963214
671337
672562
282662
186239
568510
549575
852324
541499
413194
395821
284441
971946
290989
390129
389900
928017
665253
912883
999800
700055
478153
1201.42
108058
268897
719604
878151
806588
971065
784672
909890
700565
703680
206301
523320
580689
184188
9536.33
710882
487468
202320
460564
484505
398427
935357
532118
399606
115043
381764
794684
589733
195774
853559
108536
500860
909302
781828
29476.4
302313
219161
244092
108365
970861
915289
451230
106255
598304
549477
987601
369533
310013
365770
251178
79362.2
590331
1268.93
514938
964825
464938
840832
721762
409401
353697
529093
637344
754309
889276
571766
840122
586025
516065
164666
95963
889620
321599
962967
683025
642036
801110
811032
802391
331141
521069
586019
545058
860657
253604
64058.4
512222
463600
917924
143723
16960
653000
698570
449719
987894
474593
11974.5
323661
510447
15525.3
130362
189696
117187
750549
844324
380177
132727
377751
928815
998357
260182
575455
838969
885747
733042
506436
889900
9807.98
517276
403021
765590
786365
798840
481114
373112
339866
678291
911653
920945
559025
573288
357378
898335
282377
151191
986843
437389
723076
531829
409969
285076
212349
974537
650129
783449
252159
98747.1
25931
480501
613097
211080
409172
708379
829829
934166
783632
156250
818598
837589
792644
131134
203999
914469
940185
794437
400946
113051
420041
259370
931647
369239
741572
371064
862070
143069
914672
289984
398455
104600
628154
210514
931878
599164
224505
316503
38622.9
193893
814865
264283
690236
561132
468929
537074
487817
306233
675999
487139
902602
867524
111713
706689
177302
287274
452856
555605
551647
303014
539778
116302
823530
302278
74275
12813.4
491530
16120.7
93385.2
275145
795484
300821
354660
375593
826509
306645
671520
562048
711706
549111
306889
973876
796678
757901
14846.7
355114
282537
36770.8
512432
251946
250281
686465
185235
888956
65450.3
785956
378915
257481
466407
190712
51162.7
539937
122020
441444
776276
11238.5
620270
898052
76099.7
159364
382453
686870
780261
848557
278486
815071
854602
858818
26320.3
74058.3
449031
304056
994191
890217
103361
476407
575633
870270
38007
71595.6
796026
471308
174030
270973
162406
499991
295525
841804
505468
924141
280641
484774
558770
650314
386241
649240
40647.6
437636
742012
694192
469192
102267
834768
674754
697426
426678
390200
233964
372732
249835
403538
580023
150009
962474
463829
637864
754335
865878
208311
429606
82074.1
654377
924189
339049
220508
295678
731537
981547
22724.6
436820
810345
491391
882564
760085
350654
955382
626802
704640
203391
660883
741841
146558
930826
241514
769422
58774.8
52577.1
583305
851341
426911
82932.4
845329
425556
900476
164730
717127
394631
171450
932870
452912
214368
186138
290482
529417
499704
788575
933705
503194
504239
644873
174067
297477
421774
258497
778773
789866
243578
700716
591756
312445
831016
506717
143768
104579
827464
197868
585413
278625
471309
88539.6
443541
91300.6
735886
138498
332499
261233
774522
271659
366785
827013
495840
294338
324356
479338
65544.2
856627
738568
966308
603995
882669
127745
684139
784667
219303
451436
64271.8
809214
312081
581033
566045
39641.8
215501
642811
353471
834502
643146
877868
461941
40194.3
936477
308119
104633
946807
935681
541280
602848
506552
236931
486812
809467
356770
43990
586454
870953
578091
424643
615036
62455
403634
949435
244383
802741
519719
814994
992540
562527
327031
247747
294338
690047
921459
782884
428251
247109
197157
618822
136163
860287
243464
265208
917908
111570
413573
629869
91393.9
673496
85194.8
898368
595998
740779
543335
424025
256612
351611
717345
549773
507964
744206
664747
889252
167322
659442
487602
240769
146937
760736
983525
919750
451683
76053.6
207683
500425
558812
890706
715028
398920
597781
237923
198710
694389
582842
738444
366069
616562
163570
651544
560713
907665
367420
289557
114809
941068
511241
324936
61697.6
808765
677651
740523
748469
49535.4
999599
221236
382693
997160
608487
117292
517751
837317
957292
83832.7
467100
59221.4
680741
337010
414363
23773.9
651419
754900
717147
97900
340317
41105.2
442308
98538
517943
351295
28804.8
548441
337667
422211
991172
189008
73611.6
672487
237337
408994
481313
535968
718420
416234
305757
724380
784136
714582
345921
665327
143640
883015
336576
213898
108077
532350
508422
93475.6
336704
932547
297508
919868
349897
692196
247177
196835
262936
585590
750509
575825
132843
526857
223520
511033
494347
382352
113572
660383
276356
962154
219293
471396
298594
10969.5
822746
609387
973509
889202
544321
580453
573121
740024
556582
653553
337029
301030
578610
398396
777149
925116
677436
318309
786589
108057
291059
313967
59070.7
269088
832155
512686
164317
410402
791534
606783
238062
842649
2480.62
852979
741671
439159
224132
24075.3
966280
524950
648388
599408
462163
761147
565177
351808
970567
348793
648199
557281
205977
388326
757567
557819
621932
65651.9
994197
353692
891762
520544
90502.2
54715.4
968751
661078
604458
449504
646092
116721
905221
943978
158649
850641
723674
8285.55
503559
115867
138360
502209
209630
36138.7
89476.3
221224
684755
510500
16240.3
118169
448852
584886
726741
810060
617001
572570
477546
684942
979624
47610
778149
389680
343169
228167
162289
255430
362063
496717
459716
154459
794210
53335.9
897407
639568
999918
668710
468539
488323
47240.9
522165
391194
175916
159697
577546
867084
87767.7
228274
694088
210693
387911
836513
960265
193767
442241
706931
754542
331469
26692.6
61799.7
305942
143852
174467
676616
537322
52058.7
180361
564201
359450
148918
162578
625875
894423
551201
857121
414547
780979
493911
94887.1
993828
756095
824493
8378.29
147040
835180
751709
911907
898923
221639
183192
68718.1
507344
620053
454328
737345
822602
559670
283042
923973
436744
835877
310747
890528
192685
54623.9
314327
630901
106392
945115
440591
413685
956314
907179
972438
12895.9
340111
754087
366691
6231.05
925165
294025
485396
523533
274403
280233
656542
169128
781011
38183.3
131392
497090
447142
457617
737788
458296
737129
471832
220750
597213
761369
29047.9
623321
207538
632044
783901
357932
910209
976526
972798
537660
958681
815983
862035
847767
987817
974587
71525.3
698546
799347
555426
864207
449192
83085
95206.9
950419
132710
514846
946496
256282
384340
807515
521746
438335
974455
612089
224375
324713
138450
360306
428266
305615
971770
75857.7
996614
676473
266258
628323
583468
736873
888291
380224
868265
272801
66454.4
263118
955727
203233
444123
419070
692581
84731.7
654694
89649
338872
32644.3
941165
287948
162049
555978
726702
115261
270343
924131
335163
109515
712431
615563
591778
500687
989709
931058
621965
303387
179156
475286
85746.6
669197
650403
384281
473617
42407.2
17765.3
207458
553555
286351
130391
162777
898145
146349
218212
285695
868609
66186.5
925725
437286
829031
105519
341200
506052
218488
602346
851327
556585
83757.7
223023
116392
651714
465599
224554
970583
978397
703953
372113
525927
190084
391152
190589
425350
325250
926037
402484
885511
448296
629927
303450
967110
974263
676858
824038
115704
520114
69958.9
3311.8
799692
69685.6
255217
284532
383738
375422
72549.6
125895
273186
505634
66134.6
227081
174158
909462
793.167
899538
571340
463045
506725
102557
312562
520399
72536.9
752426
306387
596955
61365.1
476171
750168
112246
892612
167381
389135
522426
140991
624974
453235
439418
202074
362370
66647
104747
878751
385335
26253.5
687577
44553.9
974597
846273
220765
434557
644560
471920
606378
801942
557933
49291.1
881433
517068
930212
308530
712700
769564
623947
568962
385260
928420
201485
147561
627748
784894
164300
605102
327761
443743
392024
465733
924034
116281
200271
117153
187541
671770
134820
516013
336975
86430
296010
640211
399208
419480
550068
105255
600440
745972
509811
609886
132293
631752
187287
813809
439914
122700
470794
627830
488271
420395
945523
513423
852935
369514
554495
263887
908071
991248
950249
87391.6
260192
41206.2
83804.5
524078
567894
664309
991010
80273.7
205783
462928
148462
40886
605933
403549
685289
26503
467021
345696
133188
884388
696524
926306
336240
357262
431204
539903
184631
985639
754074
692003
477289
248644
494060
658573
828502
451520
360718
593210
343290
280442
207734
915377
108555
681685
858498
343773
772426
13552.7
919690
327371
449827
942783
409483
317684
540928
58228.6
375098
141358
920694
499494
746924
46608.5
813621
754194
301357
875721
1112.68
820763
881119
851948
502299
461400
98782.6
736393
166703
700215
252694
21524.3
236063
234230
274048
735233
597542
189312
799786
485143
446594
11251.5
431756
400380
785323
738767
449322
550131
582801
688993
85994.8
923041
252685
809717
184561
665854
80205
461518
723138
481096
325447
32792.3
894263
759833
858373
440083
469282
157444
47249.2
170370
954873
972550
373025
710906
720512
252271
959986
649807
132706
338217
63574.2
87279.3
502931
879399
858232
570124
339238
339297
742090
466908
252273
304440
834718
565349
617130
800486
524890
983702
231351
408290
977942
869364
540261
770902
822075
837818
342652
433388
323071
682691
237384
95453.2
230110
528697
851404
417004
930299
19009
325408
891805
883351
101048
266385
980591
667925
674547
355748
958221
372719
541561
961220
100766
802346
651211
890108
907330
940658
972315
496566
658268
203809
661726
585676
90055.8
229626
792741
548246
517708
158095
219723
742818
282352
858615
209096
962243
462991
881568
130078
7722.83
69542.2
959614
445729
934269
932603
510305
324253
111440
530991
842875
986106
758662
915054
85725.5
174637
679267
557017
750168
519707
976912
207550
770033
33373.6
56658.3
993409
889507
946296
856918
200202
396263
714377
734992
311968
440180
714888
582979
259472
942338
716340
693404
908946
568976
836891
76227
224277
767133
385325
825119
99409.1
115662
828200
738435
488681
574242
791103
39227.8
353844
549971
229765
295737
869801
929280
920383
712081
542186
966913
67113.2
132829
401419
127719
357020
898198
197568
557414
988102
49869.9
540294
136514
223134
658754
333284
977711
552023
274882
792530
79532.9
324582
477626
343810
345639
767325
351865
767565
35026.1
882586
89949.3
470377
682255
357137
121560
284875
907304
119498
46744.7
812164
271630
558701
848756
925432
869091
490237
345032
360733
600995
370993
112694
138380
811528
86948
439351
618357
568405
777367
80181.7
873568
539059
317379
114552
219074
223468
984601
480103
358829
959599
978584
593690
695428
228718
182354
844756
897124
587172
972461
259366
220440
31336.3
45654.2
213935
962265
580680
985501
779705
609004
249333
58951.2
953196
844223
189014
884616
729596
416965
786447
471935
733059
712947
488317
636538
597403
489370
827009
552944
860531
901109
853407
436178
356626
92732.4
483070
390429
698771
14527.6
150370
873691
149056
702903
741665
553066
350280
823358
617622
354800
221654
456631
626471
667348
746317
924941
834985
923487
495043
854112
11885.2
610671
325085
268913
159725
951556
792476
521320
368896
237778
77386.4
361028
6197.54
918007
13469
27724.6
453096
977580
796643
771865
772130
472759
78396.9
295719
706498
324158
420150
66095.4
982914
209148
783617
71856.5
636165
886056
414904
180107
261071
517256
420561
307197
322644
976324
650089
664607
432329
194277
187049
418450
923003
572343
398108
386220
689324
934271
597323
466986
582338
66758.6
919390
953263
673551
509491
272098
408863
769655
41805.9
360561
952836
916638
410559
746159
529546
945902
215003
192186
427001
636546
507504
415691
880927
509662
212962
709884
365654
270470
12838.6
371851
236745
790131
495697
421287
118008
71119.1
252424
480698
240354
310296
548562
323606
645663
617042
741217
591413
111448
179232
504070
880807
625548
119098
994286
645935
610777
835061
81545.8
62928.2
708340
67400.9
147872
261651
550184
916068
944078
145893
776631
156092
65575.5
179755
398567
634518
97428.1
603282
298437
799618
209241
223013
1990.18
617013
994697
993851
114600
587583
687327
730589
540300
914799
600006
69752
10725.3
195515
455906
447383
223732
233817
989668
691488
131460
986570
227336
527409
485451
853678
872846
639390
400740
370814
834507
260185
224020
773436
205462
475617
589066
138469
478466
55471.2
299373
77156.4
21123.7
159306
736511
963067
719449
742432
716780
482520
917987
937725
360698
849231
649055
28628
91264
143532
906193
990160
207312
299410
722488
157443
673936
726785
958988
192332
361170
629082
537323
430126
878602
814743
155373
552817
413911
632930
79669.1
531930
51412.4
948937
895230
325283
869940
700812
358003
577308
614479
581872
989830
913048
965630
273069
356037
1066.98
40851.4
190743
157745
371694
713009
355003
450955
568088
762594
714643
472500
292504
457252
940599
309942
507492
711417
15224.3
632340
548887
309606
108328
875251
222981
852106
893270
840689
220395
279771
371869
670810
714856
889477
989031
174254
672896
640285
263086
796911
329482
87248.1
309206
487561
543673
674269
850601
289742
687202
745296
332804
680210
695223
507735
944179
625282
611307
807688
122168
146147
556932
197669
462826
205518
322878
259302
782829
52373.4
865720
549796
563919
916639
448368
7426.54
439457
882049
217135
196117
481685
208741
73265.5
310711
615347
986744
446095
279238
744683
730054
758585
341162
498510
718273
260473
510206
263640
457686
111256
766825
701817
905677
569065
106687
823073
699287
691863
932025
376011
105444
626.398
161657
347178
792363
577509
911567
469927
179826
946678
858524
876114
631289
565255
99014.2
290592
865379
99568.7
498403
764736
994056
346378
589452
864110
984123
191200
491909
773415
481118
483732
183899
772517
10159.4
976267
720591
261975
653464
262001
280102
777195
116659
908020
131235
74878.4
314493
179929
654312
593302
287372
963456
700779
880257
53611.9
430169
431784
472584
692565
415512
269389
252072
350549
405668
598398
307158
931699
349411
933777
360512
380231
885523
704578
744802
168681
538688
838060
355843
362897
262772
830520
100312
164864
47248.9
299103
18201.3
922775
350808
443368
910349
959104
43315.3
38600.8
418778
978542
585663
823428
561516
685465
110988
155198
278607
656700
282474
930093
421845
82178.8
647538
823386
655504
224857
737431
549935
653351
601506
680495
841917
771515
961255
368758
470364
26602.3
966808
125170
726965
243545
570428
233920
177872
34742.2
86529.5
560361
527638
737362
267992
810810
882869
330268
851090
656638
554001
300653
991344
706027
95092.4
218497
960989
277322
445221
