1306.51
1461.81
1888.69
4622.42
4923.24
5131.81
6411.21
7003.48
7482.89
8720.09
9821.58
9863.79
10400.7
12036.3
12287.1
13247.9
14068.3
14796.7
14823.2
14949.5
15521
16442.5
16576.1
17258.6
17392.4
17413.1
19157.1
19373.6
20473.7
20759.1
21512.8
22871.8
22925.4
25985.2
26746
27441.9
29351.5
29449.2
31824.2
33543.2
33789
37238.7
38138.6
38431.7
40454.5
40526.2
40985.6
41133.2
41964
43412.1
45657.3
47859.5
48819.1
48898.5
51421.7
51574
52006
54090.8
54378.8
55216.1
57441.1
57616.4
58742.6
58800.8
59712.8
60551.8
60686.2
61003.3
61174.3
62886.8
64181.2
64803.8
65304.6
65479.3
65838.9
66069.6
68587.8
69041.1
69341.7
69958.8
72517.4
73185.4
73683.3
74572.8
74711.7
74807.9
75635.8
79278.9
81400.6
82650.6
83429.6
83448.5
85544.6
86119.5
86766.9
87795.4
89633.1
90368.6
91477.4
95242
95810.3
96703.1
98278.6
99446.1
100299
100551
101740
101817
102998
103363
108080
109873
112982
113665
116234
116340
116412
117519
117952
118189
118364
119158
120315
121980
122191
123984
124101
124709
127584
128229
128521
129245
132792
135640
135663
135959
136281
138285
138799
139659
144163
145317
145916
146662
146750
149161
149561
149861
149876
150585
151223
152699
153586
153835
154667
155868
156415
156434
157055
158291
158679
160764
161178
161422
161753
163300
163952
164481
169622
170079
170656
170815
171482
171570
171802
171866
172488
172838
173508
174105
174743
175943
177440
178879
179259
179855
181066
182497
182819
182990
185468
185637
186112
187176
188077
188186
192193
192435
193475
194579
194602
194922
195355
195803
195827
196927
197618
198701
201792
201812
203205
203704
205074
205467
205811
206744
207140
207547
208061
209298
209499
209569
210151
210429
211329
211405
211748
211875
213335
215246
215928
216101
216511
218031
219032
219380
219915
220419
220549
220561
221420
221793
222247
224630
225218
226207
228091
228381
228902
229334
232808
235607
237467
239529
242062
244294
244658
247066
247667
247808
248168
248235
248395
249521
250210
251274
255867
256890
256922
257257
258296
258606
260506
261181
261426
267071
267506
269387
269644
270816
271505
271525
272365
272517
272784
273067
273237
273604
273846
273977
275078
275255
275711
277965
278616
279576
281207
283451
285473
288369
288743
290955
290990
291683
292311
293052
293591
293803
295195
295672
298142
298178
299048
299344
300363
300371
300496
301375
302138
302498
303018
303345
303998
304454
305496
308721
309174
311649
312206
314043
314347
314581
314588
314605
315608
317250
317257
317944
320393
320947
321048
322065
322266
323124
323177
323314
323642
324303
325365
325700
326033
329984
330332
330428
332511
333723
334653
336334
336692
336883
336899
340345
340941
341653
344160
344204
344356
344786
346528
349997
351598
352235
352478
352635
353188
355017
358556
358946
359018
359494
359603
360006
360016
360068
360125
360864
360900
362724
363180
367249
367461
372210
372716
374090
374280
374949
375346
375864
376748
377197
378487
380084
380191
381107
381810
382670
382847
383159
383687
383918
384880
385593
386678
387191
388948
389935
391444
391884
394228
394548
394949
395361
395488
395675
395678
397145
397173
398545
399220
399590
400399
400945
401838
402035
403414
406600
408229
409467
409847
410042
410542
411341
416674
417841
418035
419545
419983
420170
420232
421139
422511
424530
424779
425923
426786
428365
428459
429410
431453
432725
434061
434693
436485
441990
445865
446002
446155
447678
448603
449636
449678
450698
450709
450956
453228
454608
454642
454872
455570
455609
455754
455955
455988
457748
458608
459944
459997
462219
463126
463829
463970
464097
464413
466661
466863
467369
468324
468510
468631
471434
472437
474609
475867
478142
479000
480495
483065
483424
483705
484445
485808
485866
486629
487843
488033
488158
488366
488438
492614
494366
494391
497886
498345
498600
499351
499352
500107
500694
501918
502692
505097
505640
507694
508735
508965
511297
511980
513320
513894
516872
517556
517691
521185
523062
523930
524057
524352
524785
525258
527981
529484
530888
532242
534817
535831
536649
536689
536739
536986
537643
537663
538189
541571
543265
547201
551332
552794
553568
554346
554946
555075
556384
557020
559399
563276
563657
565231
565719
566485
567192
568938
570318
570573
571032
571271
571949
572169
572822
572864
573078
573317
574226
575168
576773
577646
577709
577814
579319
580761
584230
585703
586316
587862
589331
589475
590425
592114
592895
593000
593603
594041
594732
595536
596069
596381
596686
602080
602807
604342
605790
607212
607713
611487
611921
612756
613325
614167
614631
616678
617213
619580
621251
621374
621948
622028
623927
623936
625721
625742
629573
630036
630638
631494
631620
632761
634849
635027
636511
636537
639737
641543
642126
642389
643467
643604
650680
652941
653182
653774
654277
654438
654537
655704
655969
657445
658620
659823
660453
661438
661634
663351
663501
665018
665211
666683
666782
666842
669158
669408
670174
671137
671959
672261
673143
674583
675092
676172
680293
681992
684137
684510
690293
692986
695200
696966
698021
698075
698681
699208
699362
700145
701850
701886
702386
703047
705201
709840
710946
711329
712071
712959
713547
714227
717239
717266
717450
717606
719300
720741
722363
724745
724964
725181
725669
726509
728097
728421
728860
730614
730665
730885
731024
732463
734299
736422
738170
738662
739033
742850
743529
744812
746741
747126
748104
752931
752999
754605
754618
755536
755573
755877
756713
757863
759095
759695
760018
760082
760533
761922
762262
762876
763182
764041
765025
765826
766451
768096
769277
770159
770729
771066
771394
771417
772099
772763
773888
778235
778656
779443
780339
780695
781054
781882
782198
783143
784677
784831
785394
785620
786378
786603
786933
787431
787835
788424
788546
789364
790634
791362
791393
792412
792592
792819
793012
794011
794643
797562
799873
801192
801470
803789
804000
805880
807016
807156
808185
809527
810617
810952
811777
811968
812784
815473
815480
815678
816628
820024
824880
826561
826806
829476
830017
830819
831861
832014
832501
833565
834037
834356
836881
837540
839056
840131
841684
841730
841956
843036
845445
845554
847169
847312
847315
849589
852385
853278
853428
854659
857628
858224
858444
858620
859595
860988
861141
863712
863737
863782
863894
865311
865466
865908
865912
866849
869006
869269
871351
871395
871467
873689
876231
879669
883293
884194
885093
886542
886731
886989
887093
888079
889431
889627
889722
890482
891818
892270
893136
896276
897924
898542
899113
902078
902230
904187
905038
905282
907127
907641
909335
910239
911363
911738
911803
912035
913543
913770
914665
916049
916127
917054
917202
917765
919577
922286
923269
923713
925066
926154
926261
927091
927293
928527
929043
930143
930468
930847
931022
931160
931316
932681
933977
934633
935146
935388
935537
937825
939205
939963
940140
941964
942185
942245
943278
944504
945659
947759
950847
950922
951423
951567
954272
956175
960169
962962
962999
964243
964958
966460
967632
968592
969029
969112
969609
971560
971879
972687
972734
973592
973607
973766
974953
977799
978380
978861
981397
982236
983139
983341
987564
987708
988755
989938
990131
991071
991761
992181
993360
994242
995516
998263
999275
