367.524
486.79
626.398
793.167
1002.73
1013.89
1055.11
1066.98
1112.68
1201.42
1268.93
1324.14
1445.36
1546.24
1554.94
1593.57
1741.63
1970.49
1990.18
2067.69
2334.28
2480.62
3156.12
3191.56
3311.8
3428.53
3542.61
3569.94
3651.78
3666.31
3848.75
3993.2
4002.69
4050.59
4309.35
4340.36
4354.56
4629
4700.33
5097.41
5508.04
5547.78
5549.73
5586.4
5606.6
5727.64
5793.28
5964.66
6194.2
6197.54
6231.05
6392.05
6431.59
6704.87
6792.2
6803.32
7067.55
7331.25
7426.54
7548.63
7713.21
7722.83
7765.99
8079.93
8132.08
8228.41
8285.55
8378.29
8651.4
8739.59
8836.13
8862.01
8950.83
9090.11
9188.71
9369.69
9536.33
9592.56
9776.77
9807.98
9827.84
9858.54
9947
10135.4
10159.4
10200.5
10391
10400.5
10524.5
10562.2
10614.2
10725.3
10762.5
10780.2
10884.2
10969.5
11183.9
11238.5
11251.5
11255.8
11335
11444.1
11661.2
11885.2
11928.5
11974.5
12245.7
12452.8
12515.8
12579.6
12613.8
12813.4
12838.6
12895.9
13120
13164.3
13178.3
13188
13191.3
13248
13270.4
13375.7
13396.6
13441.1
13469
13552.7
13601.7
13802
13871.8
13938.6
14138
14188.3
14333.4
14337.9
14520.9
14527.6
14572.2
14638.3
14750.3
14801
14835.6
14846.7
14875.8
14884.6
14961.5
15059.3
15213.6
15224.3
15438.3
15525.3
15853.2
16120.7
16240.3
16244.2
16249.7
16314.1
16374.9
16454.9
16647.9
16960
16982.4
16989
17102.4
17125.4
17196.1
17261.5
17352.3
17376.4
17450.9
17478.5
17641.8
17765.3
17766.6
17789.9
17867.7
18201.3
18249.8
18283.7
18380
18453.3
18481.5
18578.4
18826.3
19009
19098.3
19126.1
19297.3
19389.6
19414.4
19459.1
19615.2
19722.2
19809
19894.5
19905.7
20080.8
20103.1
20110.7
20166.6
20370.2
20413.9
20561.4
20628.2
20734.4
20800.5
20899.6
21123.7
21133.8
21172.7
21312
21414.3
21524.3
21608
22010
22021.9
22075.2
22573.5
22724.6
22824.9
22863.9
22887.6
23024.4
23063
23084.3
23257.7
23360.1
23459
23512.5
23595.2
23773.9
24075.3
24125.5
24270.2
24524.6
24593.4
24857
25055.5
25060.9
25095.1
25138.6
25209.4
25265.3
25452.8
25459
25639.5
25931
26171.2
26207.3
26253.5
26320.3
26408
26424.5
26503
26602.3
26692.6
26749
26948.5
27104.2
27331.2
27603.8
27630.5
27724.6
27738.3
27870.2
28020.2
28096.5
28150.3
28192.3
28225.6
28361
28460.2
28481.9
28547.2
28628
28729.2
28804.8
28953.8
29047.9
29088
29192.9
29389.8
29476.4
29525.5
29533.5
29842.3
29976.8
30359.4
30549.2
30558
30566.5
30685.7
30871.2
31151.5
31233.3
31314.1
31336.3
31520.6
31757.1
31880.7
31906.2
32027
32066.7
32311
32394.4
32534.4
32538.8
32644.3
32700.3
32792.3
32803.5
33116.4
33373.6
33571.7
33649.8
33713.9
33741.6
33885.8
33950.9
34257.9
34419.1
34420.7
34580.8
34742.2
34754.1
34921.4
34997.6
35001
35026.1
35255.3
35317.8
35366.9
35492.1
35542.2
35543.6
35733.2
35775.8
35853.9
35869.1
35902.8
36081.8
36138.7
36515.3
36754.3
36770.8
36838.5
37640.8
37841.8
38007
38039
38125.1
38183.3
38314.8
38340
38378.4
38543.3
38600.8
38622.9
38902.5
39120.5
39173.9
39186.9
39227.8
39641.8
39647.5
40000.7
40134.6
40194.3
40253.2
40320.3
40560.2
40647.6
40791.8
40851.4
40886
40903.2
40971.2
41096.5
41105.2
41206.2
41339.4
41404.1
41562.4
41617.4
41801
41805.9
41860.2
41948.5
41975.2
42212.5
42298.7
42366.3
42407.2
42416.4
42452.3
42587.5
42632.5
42698.5
42753
42840.9
42854.6
43001.4
43031.3
43072.1
43130.4
43153
43231.4
43251.4
43278.7
43315.3
43380.2
43580
43681.3
43834.6
43836
43970.3
43990
44000.5
44005.3
44087.7
44282
44553.9
44633.1
44645.8
44669.7
44724.3
44873.9
44988.8
45063.7
45179.5
45300.3
45379.2
45445.3
45490
45552.1
45552.7
45565.6
45591.9
45654.2
45683.3
45713.2
45783.6
46482.5
46590.5
46608.5
46667.1
46710.4
46744.7
46777.3
46892.3
46946.6
47059.2
47120.1
47161.2
47238.4
47240.9
47248.9
47249.2
47335.9
47532.2
47610
47671.6
47677.8
47855.7
47906.2
48081.7
48440.5
48543.2
48589.4
48597.4
48617.7
48652.9
48700.4
48721.8
48760.6
48862.6
49002.9
49096.5
49149.5
49150
49291.1
49384.7
49434
49501.9
49527.8
49529.1
49535.4
49663.2
49696
49869.9
49910.6
49991.4
50284.1
50370.2
50385.7
50445.4
50493.4
50828
50883.7
50930.6
50965.1
50965.8
51024
51162.7
51320.7
51412.4
51418.2
51660.7
51670.7
51797.9
51982.8
52054.5
52058.7
52098.4
52267.1
52272.5
52373.4
52488.5
52577.1
52618.6
52718.5
52831.4
52952.8
53175.8
53335.9
53532.4
53591.8
53611.9
53749.1
54137
54306.4
54318.3
54623.9
54715.4
54843.8
54940
55074.5
55094.2
55102.3
55107.5
55471.2
55499.2
55571.5
55833.2
55990.9
56078
56124.4
56153.1
56175.3
56291.9
56451.8
56539.9
56653.8
56658.3
56731.6
56740.3
56848.5
56894.9
57013.4
57077.9
57104
57106.2
57142.6
57254.8
57493
57625.4
57695.4
57808.8
57893.9
57934.4
57999.1
58014
58228.5
58228.6
58332.8
58379.1
58473.5
58531.9
58623.3
58774.8
58951.2
59070.7
59112.6
59221.4
59275.3
59398
59532.8
59535.4
59824.9
59989.5
60151.3
60276.3
60580
60610
61322.8
61365.1
61565
61624.3
61671.1
61685.7
61697.6
61738.6
61761.2
61774
61799.7
61810
61820.4
61873
61902.2
62116.6
62119.5
62286.5
62348.2
62365.2
62442.4
62455
62639.1
62674
62695.5
62755
62928.2
63103.9
63291.6
63346.5
63418
63433.5
63569.4
63574.2
63639.6
63655.9
63743.1
63760.8
63793.9
63976.6
64018.4
64031.2
64051.1
64058.4
64197.3
64235.8
64241.2
64254.2
64271.8
64332.5
64339.6
64340.3
64555.7
65060.8
65109.5
65229
65286.8
65294.7
65338.5
65386.8
65432.8
65450.3
65456.9
65544.2
65575.5
65593.6
65651.9
65735.8
65841
65854.8
65897.9
66095.4
66121.1
66134.6
66186.5
66246.9
66388.5
66420.7
66454.4
66647
66715.1
66758.6
66817.4
66938.2
67113.2
67228.8
67230.9
67257.3
67400.9
67491.9
67582.8
67601.8
67658
68053.3
68183
68207.4
68218.7
68226
68258.4
68301.5
68493.1
68524.5
68567.6
68574.9
68718.1
68731.1
68865
68880.7
68960.3
69168.6
69192.4
69292.9
69336.6
69542.2
69655
69685.6
69699.8
69752
69793.5
69808.7
69919.9
69930.2
69958.9
70307.1
70425.6
70811.1
71119.1
71190.4
71244.3
71392.6
71525.3
71595.6
71598.7
71679.4
71856.5
71937.8
71966.9
72033.6
72119.9
72325.7
72325.8
72536.9
72549.6
72595
72902.9
72907.6
73005.4
73062.9
73066.6
73265.5
73331.7
73486.1
73611.6
73784.7
73839.9
73919.7
73967
74058.3
74158.8
74213.1
74275
74298.4
74349.9
74387.1
74696.2
74878.4
74975.7
74977.1
74994.9
75065.5
75144.6
75157.3
75187.6
75204.9
75210.2
75315.3
75391.8
75445.9
75594.2
75595.8
75615.9
75857.7
75936.8
75937.2
76053.6
76099.7
76227
76229.8
76276.6
76318.6
76334.3
76428.3
76615.7
76710.5
76722.8
76791.3
77049.3
77055.8
77109.4
77156.4
77213.1
77386.4
77429.5
77594.3
77770.3
77815.9
77838.1
78099.9
78160.7
78396.9
78666.6
78680.8
78760.8
78845.5
78999.7
79062.6
79139.7
79263.7
79319.3
79362.2
79532.9
79669.1
79675.5
79688.5
79747.4
79786.7
79807.8
80057.2
80181.7
80205
80273.7
80456.2
80463.3
80655.6
80768.1
80841.5
80888
81145.9
81277.4
81417.5
81529.5
81545.8
81856
81888.7
82074.1
82178.8
82223.8
82226.7
82280.9
82653.2
82782.8
82926.7
82932.4
83041.1
83048.8
83070.7
83085
83497.3
83643.5
83697.4
83757.7
83804.5
83832.7
83956.2
83970.4
84120
84193.9
84237.7
84339.4
84609.2
84660.1
84731.7
84755.1
84824
84874.2
85194.8
85462.9
85725.5
85727.8
85746.6
85768.6
85784.1
85813.1
85944
85994.8
86178.7
86212.3
86430
86469.1
86529.5
86650.3
86738.2
86948
87122.8
87172.9
87178.4
87220.7
87248.1
87279.3
87283.7
87391.6
87453.2
87524.2
87617.7
87767.7
87767.9
87785.3
87973.5
88071.1
88185.7
88186.1
88437.7
88526.7
88539.6
88768.5
88867.2
88889.5
88919.8
88966.4
89027.9
89101
89476.3
89562.5
89582.7
89632.9
89649
89845.3
89949.3
90055.8
90314.4
90451.8
90453
90502.2
90585.7
90746.9
90835.1
90992.4
91073.1
91110.2
91254.4
91264
91300.6
91393.9
91498.7
92020
92076.9
92378.1
92386.1
92610.1
92732.4
92833.5
92970.9
92982.6
93129.9
93152.7
93227.7
93239.3
93385.2
93404.5
93475.6
93518.8
93573
93792.2
93807.2
94292.4
94302.5
94383.4
94429.7
94523
94539.6
94562.1
94649.4
94856.8
94885.3
94887.1
94925
95069.4
95092.4
95154.5
95200
95206.9
95312.4
95453.2
95861.1
95932.1
95963
96052
96195.2
96343
96387.1
96567.5
96719.9
96979.6
97042
97094
97248.5
97276.8
97384.1
97428.1
97504.2
97661.7
97766.7
97900
98232.5
98318.2
98538
98681.9
98747.1
98782.6
99014.2
99224.6
99315.8
99355.6
99409.1
99568.7
99733.7
99848
99929.9
99965.5
99967.7
100048
100180
100205
100312
100633
100763
100766
100812
100841
101048
101069
101112
101194
101340
101359
101379
101456
101491
101532
101807
101858
101927
101977
102051
102267
102268
102428
102491
102551
102557
102782
102869
102879
102975
103038
103055
103288
103361
103491
103505
103507
103870
103903
104043
104104
104106
104121
104224
104226
104265
104455
104463
104579
104600
104633
104668
104747
104955
105165
105255
105297
105439
105444
105519
105665
106044
106214
106255
106381
106392
106579
106687
106696
106784
106845
106966
106974
107097
107215
107238
107273
107325
107529
107559
107954
107954
107979
108057
108058
108077
108078
108125
108328
108344
108365
108534
108536
108555
108671
108732
109002
109021
109049
109069
109509
109515
109546
109844
109936
109981
110041
110276
110390
110551
110691
110788
110853
110904
110988
111049
111207
111225
111244
111245
111256
111267
111273
111294
111440
111448
111570
111642
111713
111726
111790
111974
112090
112093
112155
112246
112262
112694
112831
112878
112949
113051
113257
113365
113465
113483
113502
113564
113572
113720
113741
113903
114197
114552
114600
114620
114689
114773
114809
114885
114991
115022
115043
115261
115327
115453
115600
115662
115685
115697
115704
115852
115867
115913
115955
116028
116066
116281
116302
116392
116641
116659
116721
116790
116898
117097
117153
117187
117266
117292
117458
117553
117568
117681
117814
117886
117971
118008
118026
118061
118169
118313
118414
118563
118742
118885
118925
118967
119098
119160
119162
119307
119319
119355
119498
119584
119662
119699
119824
119826
120306
120397
120606
120810
120868
120900
121176
121275
121555
121560
121659
121746
121831
121839
122020
122058
122168
122216
122643
122700
122750
122760
122878
123130
123233
123267
123577
123689
123750
123777
124023
124131
124259
124329
124459
124509
124640
124788
124937
125100
125125
125141
125170
125351
125792
125883
125895
125906
126195
126217
126221
126225
126704
126762
126766
126804
126818
126914
127040
127355
127432
127549
127719
127745
127761
127797
127809
128003
128142
128327
128427
128494
128519
128528
128659
128882
128914
129012
129039
129176
129181
129302
129359
129497
129678
130026
130078
130190
130244
130353
130362
130391
130474
130760
130827
130844
131068
131134
131145
131230
131234
131235
131244
131392
131417
131460
131470
131624
131691
131767
131935
132105
132131
132253
132293
132547
132706
132710
132727
132829
132843
132872
132906
132917
132950
133017
133060
133184
133188
133335
133375
133394
133454
133471
133513
133538
133753
134157
134280
134290
134307
134452
134471
134570
134820
134939
135087
135130
135240
135264
135310
135349
135705
135879
135937
135938
135941
135976
136017
136021
136095
136116
136163
136186
136186
136230
136245
136290
136514
136514
136516
136517
136598
136649
136771
136840
137038
137059
137118
137399
137491
137748
137800
138044
138089
138360
138380
138450
138469
138498
138767
138788
138907
138981
139035
139115
139471
139886
139895
140057
140063
140112
140122
140216
140267
140288
140991
141354
141358
141704
141720
141729
141747
142105
142234
142385
142395
142658
142675
142782
142815
142902
142969
143069
143169
143209
143336
143532
143640
143691
143723
143768
143852
144076
144369
144403
144653
144697
144790
144910
144957
145010
145071
145258
145303
145322
145326
145554
145778
145889
145893
146049
146147
146265
146275
146325
146343
146349
146365
146499
146558
146619
146653
146864
146933
146937
147040
147274
147365
147561
147671
147688
147872
148462
148589
148918
149031
149056
149077
149172
149590
149741
149936
149997
150009
150362
150370
150626
150628
150665
150980
151062
151161
151191
151321
151335
151489
151647
151670
151996
152024
152029
152051
152101
152187
152225
152263
152306
152402
152434
152500
152502
152841
152902
152909
153060
153060
153113
153150
153187
153359
153562
153664
153743
153779
153817
154055
154459
154460
154464
154792
154795
155198
155265
155373
155576
155610
155629
155667
155899
156018
156050
156086
156092
156250
156275
156276
156308
156365
156530
156533
156617
156731
156772
156874
156961
157132
157366
157382
157408
157443
157444
157635
157745
157802
157812
157916
157927
157949
158095
158290
158430
158504
158530
158592
158649
158747
158878
158884
158943
159005
159040
159047
159306
159328
159364
159391
159435
159540
159608
159668
159697
159725
159772
160039
160316
160336
160417
160509
160567
160587
160612
160723
160785
160829
160914
161069
161073
161123
161403
161558
161576
161637
161657
161704
161721
161907
162049
162289
162303
162343
162406
162578
162584
162630
162672
162733
162777
162910
163070
163116
163255
163295
163311
163372
163532
163570
163693
163788
163789
163850
163971
164031
164043
164056
164075
164120
164279
164300
164317
164405
164508
164532
164561
164577
164601
164666
164705
164730
164807
164852
164861
164864
164926
165043
165082
165512
165660
165734
165774
165987
166096
166097
166145
166240
166313
166369
166401
166450
166457
166546
166703
167322
167381
167562
167622
167697
167744
167753
167931
167936
167944
168124
168131
168225
168321
168356
168489
168570
168681
168791
168829
168994
169008
169014
169072
169128
169694
169725
169757
169841
170028
170040
170061
170284
170370
170468
170483
170566
170603
170606
170621
170653
170712
170837
170844
171129
171450
171520
171704
171902
171925
171935
172044
172079
172141
172434
172467
172526
172809
172821
172875
173179
173267
173435
173606
174030
174067
174072
174158
174254
174321
174467
174519
174603
174637
174649
174947
175083
175395
175527
175747
175916
176019
176027
176059
176202
176349
176904
176952
177063
177259
177302
177380
177545
177556
177872
177970
177977
178133
178141
178342
178380
178673
179042
179128
179156
179232
179441
179754
179755
179818
179826
179929
180107
180253
180361
180573
180799
180839
180942
181062
181199
181221
181285
181607
181727
181801
181835
181918
182115
182220
182240
182354
182389
182410
182423
182611
182677
182751
182975
183192
183477
183561
183603
183739
183786
183802
183899
183932
184188
184204
184254
184483
184561
184631
184806
184907
184917
185065
185088
185235
185310
185312
185326
185485
185579
185595
185604
185761
185900
185919
185946
185963
186098
186138
186177
186181
186239
186593
186662
187000
187049
187177
187287
187520
187536
187541
187640
187751
187880
188053
188139
188210
188254
188362
188794
188799
188889
188991
188999
189008
189014
189084
189096
189120
189308
189312
189341
189397
189569
189614
189696
189704
189809
189850
189928
189935
190084
190193
190423
190542
190550
190589
190701
190711
190712
190743
190920
190931
191082
191157
191200
191218
191221
191270
191357
191373
191378
191545
191564
191594
191656
191861
191935
191951
191994
192024
192075
192158
192186
192229
192332
192370
192504
192574
192637
192641
192654
192685
192793
192891
193113
193138
193187
193220
193319
193374
193618
193767
193893
194277
194470
194877
195052
195102
195103
195394
195482
195489
195490
195515
195621
195706
195774
195995
196002
196117
196200
196267
196344
196372
196463
196490
196606
196781
196796
196835
197107
197130
197157
197375
197505
197546
197568
197639
197669
197868
198251
198374
198377
198461
198625
198648
198669
198683
198710
198850
199041
199049
199272
199289
199436
199623
199649
199943
199957
200202
200271
200282
200328
200418
200426
200479
200516
200871
200959
201144
201220
201254
201329
201457
201485
201634
201721
201795
201892
201985
202055
202074
202112
202187
202215
202320
202627
202816
202825
203018
203053
203102
203233
203359
203391
203399
203523
203683
203809
203824
203872
203966
203999
204157
204329
204468
204490
204902
204910
205287
205445
205462
205518
205783
205798
205904
205977
206006
206015
206101
206137
206154
206195
206242
206271
206301
206325
206417
206433
206567
206595
206655
206668
206875
206904
206974
206985
207104
207114
207123
207286
207312
207375
207458
207538
207550
207683
207734
207956
207978
207987
208033
208148
208169
208234
208252
208311
208342
208363
208437
208461
208741
208818
208872
209053
209096
209148
209177
209231
209240
209241
209265
209330
209630
209666
209878
210112
210245
210514
210528
210566
210603
210613
210628
210693
210757
210924
211080
211111
211217
211337
211349
211710
212233
212259
212349
212452
212555
212688
212883
212914
212962
212964
213018
213032
213141
213209
213384
213406
213457
213611
213680
213742
213898
213935
213967
214300
214309
214368
214816
215003
215071
215242
215501
215831
215904
216030
216143
216337
216352
216582
216811
216909
217135
217471
217774
217824
217953
218084
218133
218212
218369
218488
218497
218527
218627
218810
218832
218942
218964
219074
219161
219169
219293
219303
219486
219584
219712
219723
219763
219846
219877
219924
219994
220026
220058
220264
220296
220377
220395
220440
220508
220531
220537
220718
220750
220765
220879
221045
221157
221224
221236
221312
221581
221639
221654
221699
221828
221831
221884
221948
222017
222287
222872
222927
222981
223011
223013
223023
223134
223333
223407
223468
223520
223553
223557
223557
223674
223731
223732
223744
223815
223838
224020
224083
224132
224188
224218
224277
224304
224375
224505
224554
224603
224629
224664
224742
224857
224864
225053
225152
225160
225365
225389
225406
225583
225611
225649
225729
225796
225801
225827
226045
226352
226398
226415
226585
226678
226689
226739
226865
226866
226930
227081
227259
227336
227518
227525
227684
227857
227878
227879
228109
228167
228172
228199
228274
228334
228651
228718
228825
228929
228971
229116
229118
229190
229485
229626
229727
229765
229797
229905
230110
230239
230273
230471
230717
230887
230894
231200
231236
231351
231386
231388
231445
231447
231458
231460
231561
231633
231848
232060
232112
232230
232275
232409
232449
232654
232675
232757
232800
232830
233022
233072
233121
233169
233629
233648
233817
233920
233960
233964
234073
234095
234143
234214
234230
234339
234492
234602
234774
234872
234881
235008
235070
235086
235274
235354
235499
235517
235934
236063
236207
236354
236436
236744
236745
236931
237057
237185
237211
237337
237384
237527
237573
237622
237672
237697
237778
237859
237923
238062
238390
238429
238601
238799
238963
239167
239309
239311
239487
239664
239682
239807
239836
239889
239941
240295
240347
240354
240634
240708
240760
240769
240790
240923
241048
241197
241223
241412
241514
241557
241597
241659
241940
242160
242279
242290
242444
242570
242780
242949
243034
243464
243545
243578
243618
243684
243913
244092
244306
244371
244383
244395
244472
244509
244734
244797
244924
244937
244976
245170
245192
245237
245317
245533
245858
245918
246029
246459
246530
246647
246702
246823
247109
247138
247177
247226
247233
247248
247278
247470
247626
247732
247747
247763
247776
247801
247884
248328
248329
248383
248385
248555
248575
248644
248713
248733
248844
249028
249090
249158
249187
249282
249333
249480
249582
249685
249834
249835
249991
250231
250281
250319
250328
250369
250404
250556
250763
250799
250824
251045
251135
251178
251249
251457
251521
251584
251670
251888
251946
251985
252044
252063
252072
252159
252252
252271
252273
252424
252685
252694
252819
253061
253081
253212
253402
253465
253476
253551
253604
253804
254099
254170
254353
254547
254548
254671
254731
254916
254920
254946
255075
255217
255244
255430
255608
256282
256295
256377
256382
256460
256502
256566
256569
256612
256618
257143
257296
257481
257514
257596
257952
258066
258083
258257
258261
258328
258341
258378
258465
258477
258497
258652
258724
258823
258843
258891
259302
259366
259370
259432
259472
259857
260182
260185
260192
260460
260473
260496
261004
261063
261071
261233
261387
261651
261724
261742
261758
261828
261884
261919
261975
262001
262127
262236
262624
262706
262710
262751
262772
262936
262960
262987
263078
263086
263118
263640
263887
263906
264148
264283
264440
264553
264800
265104
265208
265228
265275
265283
265354
265373
265618
265677
265830
265851
265971
266019
266189
266258
266345
266385
266466
266504
266620
266624
266769
266782
266955
267012
267254
267297
267344
267816
267967
267992
268090
268152
268288
268452
268488
268667
268810
268897
268913
268948
269088
269139
269225
269256
269368
269389
269492
269504
269590
269672
269779
269902
270250
270343
270373
270399
270470
270524
270803
270827
270877
270973
271410
271466
271630
271659
271685
271710
271747
271865
272032
272098
272181
272417
272447
272549
272790
272801
273069
273105
273113
273186
273465
273758
273810
273828
273942
273976
274048
274220
274277
274394
274403
274579
274605
274659
274882
274981
275145
276129
276356
276445
276446
276608
276662
276700
276780
277034
277041
277228
277245
277247
277296
277302
277322
277322
277345
277472
277621
277693
277965
278354
278362
278440
278486
278607
278625
278784
279139
279238
279370
279428
279657
279771
279827
279989
280102
280201
280222
280233
280353
280389
280442
280641
280723
280947
281145
281284
281381
281444
281936
282007
282181
282352
282377
282474
282537
282604
282662
282836
282979
283022
283042
283131
283280
283307
283330
283446
283462
283573
283612
283915
283975
283992
284035
284110
284135
284406
284441
284532
284696
284723
284776
284790
284834
284875
284925
284993
285076
285192
285244
285408
285462
285654
285660
285695
285741
285832
285915
286194
286326
286351
286387
286447
286960
287126
287274
287372
287477
287564
287778
287855
287913
287948
287965
287978
288029
288060
288375
288510
288526
288660
288681
288884
288927
288957
289200
289326
289557
289588
289696
289742
289804
289914
289918
289984
289996
290427
290482
290531
290592
290646
290662
290666
290723
290811
290817
290989
291059
291179
291353
291379
291534
291618
291916
292046
292405
292504
292534
292548
292651
292654
292655
292737
292768
292879
292889
293006
293131
293272
293341
293375
293849
294021
294025
294139
294189
294256
294338
294338
294368
294486
294513
294869
294986
294988
295159
295215
295294
295436
295440
295525
295616
295657
295678
295692
295718
295719
295737
295974
296010
296050
296513
297133
297199
297224
297426
297477
297508
297550
297971
297988
298013
298266
298289
298437
298594
298672
299103
299155
299274
299373
299410
299605
299849
300629
300653
300751
300821
300910
301030
301357
301475
301620
302054
302171
302268
302278
302305
302313
302720
302760
302766
302889
302916
302990
303008
303014
303066
303203
303228
303335
303387
303388
303450
303481
303502
303515
303584
303775
303780
303985
304056
304121
304223
304236
304440
304474
304554
304658
304674
304702
304761
304930
304960
305156
305271
305407
305431
305521
305543
305571
305615
305712
305751
305757
305844
305920
305942
306033
306061
306170
306196
306217
306233
306387
306569
306645
306698
306700
306806
306808
306881
306889
307042
307076
307128
307158
307197
307241
307535
307538
307556
307874
307903
307953
307971
308119
308152
308244
308293
308389
308432
308530
308545
308576
308667
309051
309206
309222
309281
309324
309525
309592
309597
309606
309676
309689
309772
309942
310013
310218
310278
310296
310402
310711
310747
310766
310876
311079
311124
311214
311243
311296
311373
311432
311551
311592
311594
311604
311670
311679
311751
311968
312023
312081
312445
312472
312562
312940
313073
313239
313266
313373
313518
313576
313680
313762
313812
313967
314001
314083
314179
314327
314447
314493
314654
314760
314946
315157
315212
315375
315418
315420
315497
315530
315727
315738
315989
316046
316063
316471
316503
316605
316833
317193
317229
317379
317579
317684
317703
318014
318081
318105
318309
318434
318715
318811
318890
318901
318948
318959
319144
319418
319696
319727
319745
319806
319838
319930
319949
319995
320231
320291
320334
320461
320463
320583
320615
320647
320731
320984
321159
321356
321439
321599
321611
321660
321730
321861
321930
322264
322378
322393
322556
322644
322652
322682
322878
322924
323071
323156
323207
323386
323387
323601
323606
323615
323647
323660
323661
323667
323873
324042
324158
324253
324281
324334
324356
324407
324553
324582
324658
324713
324816
324817
324864
324936
324943
325085
325135
325217
325250
325283
325294
325408
325447
325554
326027
326059
326709
326841
326943
327020
327031
327085
327371
327649
327711
327721
327731
327761
327828
327899
327914
328000
328042
328314
328383
328442
328759
328942
329007
329154
329259
329482
329550
329866
329967
330219
330268
330293
330401
330455
330460
330705
330813
330908
331119
331141
331312
331398
331469
331690
331831
332078
332093
332104
332169
332499
332594
332740
332804
332849
332914
333149
333199
333284
333334
333383
334020
334234
334777
334780
334849
334895
334898
335111
335163
335353
335553
335860
335942
335949
336144
336158
336240
336351
336382
336416
336426
336453
336576
336704
336824
336975
337010
337029
337101
337344
337667
337674
337803
337824
337854
337958
337977
338092
338217
338262
338285
338334
338373
338376
338385
338764
338872
338970
339049
339238
339288
339297
339474
339477
339536
339679
339694
339866
339944
339954
340023
340111
340136
340317
340548
340736
340752
340935
341066
341070
341090
341162
341200
341443
341749
341919
342166
342372
342389
342652
343003
343062
343146
343169
343195
343290
343458
343524
343529
343529
343688
343736
343773
343810
343950
344186
344234
344519
344563
344646
344662
344711
344730
344993
345032
345165
345639
345696
345776
345868
345893
345921
345942
346378
346453
346593
347106
347141
347141
347178
347306
347407
347516
347532
347643
347739
347917
348115
348133
348222
348286
348632
348793
348804
348991
349098
349172
349186
349287
349359
349411
349512
349814
349897
349921
350008
350174
350280
350350
350378
350394
350440
350549
350654
350808
350914
351116
351128
351295
351477
351611
351630
351692
351808
351819
351865
351893
352246
352742
352801
352831
352853
352935
353080
353204
353294
353326
353423
353471
353566
353608
353616
353692
353697
353815
353844
353930
354305
354314
354320
354652
354660
354787
354800
354884
355003
355070
355114
355748
355797
355843
355965
356037
356196
356531
356617
356626
356770
356807
356906
356991
357011
357020
357100
357137
357197
357262
357378
357387
357497
357558
357628
357647
357652
357749
357932
357983
358003
358788
358829
358832
358878
358896
359050
359051
359223
359253
359351
359380
359450
359460
359491
359586
359623
359835
359835
359971
360033
360306
360343
360512
360556
360561
360698
360718
360733
360806
360844
360981
361018
361028
361051
361076
361138
361170
361250
361323
361348
361362
361647
361869
361994
362028
362063
362115
362370
362417
362634
362691
362897
362948
362964
362978
363040
363192
363219
363244
363405
363465
363592
363701
364469
364556
364638
364883
364899
365042
365143
365164
365209
365245
365256
365362
365532
365541
365654
365683
365770
365870
365992
366002
366044
366069
366106
366267
366388
366579
366589
366620
366691
366785
366909
366936
367073
367226
367413
367420
367553
367566
367856
367893
367895
368141
368145
368156
368415
368457
368727
368758
368810
368828
368896
368933
368933
368995
369016
369112
369239
369355
369378
369427
369514
369516
369533
369560
370012
370019
370097
370215
370256
370424
370465
370696
370701
370814
370832
370900
370993
371048
371064
371146
371694
371846
371851
371859
371865
371869
371925
371928
372113
372124
372413
372593
372710
372719
372732
372735
372761
372785
372935
372947
373025
373070
373112
373117
373229
373233
373326
373432
373446
373598
373642
373643
373923
373985
374020
374108
374121
374129
374175
374175
374289
374345
374360
374392
374439
374843
374855
375098
375111
375179
375422
375537
375588
375593
375597
375640
375770
375916
376011
376034
376215
376258
376297
376300
376497
376542
376734
376860
377018
377198
377367
377374
377430
377490
377565
377598
377751
377800
377901
377952
378025
378128
378264
378382
378395
378400
378410
378676
378698
378755
378765
378802
378861
378915
378973
379005
379169
379535
379919
379932
380177
380224
380231
380371
380504
380563
380598
380707
381000
381023
381112
381175
381263
381376
381623
381764
381913
382177
382316
382352
382453
382454
382693
382750
382811
382852
382889
383158
383203
383321
383382
383427
383601
383738
383802
383862
383905
383928
383986
384027
384039
384095
384276
384281
384340
384385
384508
384623
384666
384771
385018
385074
385165
385190
385260
385265
385325
385335
385419
385658
385939
386041
386150
386220
386241
386294
386319
386370
386500
386740
386773
386984
387239
387271
387470
387545
387549
387702
387783
387876
387897
387911
387933
388094
388271
388326
388411
388603
388677
388967
389135
389264
389276
389284
389481
389542
389556
389680
389693
389871
389900
390075
390129
390200
390293
390429
390635
390704
390985
390989
391152
391194
391217
391324
391402
391662
391830
392022
392024
392027
392355
392464
392495
392549
392580
392836
392903
393153
393215
393216
393405
393407
393449
394060
394631
394977
395226
395231
395509
395618
395725
395754
395821
395826
395895
396052
396073
396263
396658
396743
396842
397362
397427
397460
397699
397913
397922
397968
398063
398092
398108
398242
398342
398396
398427
398455
398567
398602
398771
398776
398920
399193
399208
399216
399277
399481
399504
399505
399527
399606
399679
399776
399807
399866
399867
399980
399988
400380
400740
400751
400821
400930
400946
400994
401096
401108
401297
401419
401422
401497
401533
401753
401852
401857
401914
402124
402146
402163
402251
402461
402484
402601
402673
402724
402760
403021
403181
403526
403531
403538
403549
403623
403634
403694
403717
403759
404163
404280
404383
404498
404502
404577
404581
404662
404705
404862
404930
404994
405045
405143
405169
405395
405469
405668
405883
405935
405941
406058
406392
406415
406568
406759
406787
406888
406929
407094
407130
407166
407309
407316
407528
407803
407956
408227
408290
408397
408480
408863
408992
408994
409063
409139
409172
409213
409244
409279
409305
409313
409387
409401
409481
409483
409557
409677
409767
409847
409969
409999
410032
410053
410078
410295
410357
410402
410440
410557
410559
410687
410861
410880
411025
411752
411859
411939
412032
412096
412149
412776
412778
412910
412912
412968
413103
413184
413194
413197
413227
413284
413387
413412
413440
413483
413573
413623
413685
413705
413726
413733
413762
413911
414021
414042
414363
414547
414660
414676
414688
414740
414796
414860
414898
414904
414909
414935
414985
415053
415226
415271
415501
415507
415512
415691
415891
415949
416228
416234
416236
416512
416516
416764
416911
416929
416965
416988
417004
417349
417547
417551
417632
417743
417745
417810
418153
418170
418320
418369
418403
418450
418618
418630
418645
418778
418930
419070
419152
419282
419427
419480
419578
419656
419729
419925
420018
420027
420041
420125
420150
420156
420230
420241
420288
420381
420395
420521
420561
420589
420624
420686
420878
420984
421041
421106
421287
421516
421639
421660
421696
421774
421837
421845
421869
421967
421993
422082
422211
422211
422352
422571
423111
423381
423409
423602
423989
424025
424093
424135
424289
424292
424301
424323
424339
424499
424643
424684
425038
425074
425350
425556
425593
425639
425699
425711
425911
425921
426394
426583
426678
426911
427001
427147
427306
427321
427328
427384
427686
428019
428093
428095
428251
428266
428285
428310
428377
428528
428542
429028
429040
429205
429287
429410
429419
429448
429567
429606
429617
429623
429697
429704
429787
429907
430048
430126
430169
430334
430743
430898
431122
431129
431204
431329
431381
431446
431481
431533
431579
431601
431756
431783
431784
431880
431927
431984
432003
432051
432296
432329
432387
432436
432463
432519
432616
432629
432687
432711
432765
432913
433249
433273
433283
433388
433472
433564
434065
434557
434568
434680
434734
434934
434977
435051
435093
435128
435556
435684
435850
435857
435923
436178
436182
436360
436523
436573
436615
436744
436817
436820
436869
436889
436942
437286
437297
437332
437342
437346
437389
437512
437631
437636
437640
437810
437834
438134
438185
438215
438335
438344
438589
438977
439079
439159
439234
439351
439418
439457
439625
439914
439998
440083
440180
440185
440326
440399
440549
440591
440605
440709
441117
441170
441444
441476
441565
441615
441658
441729
441847
441924
442241
442308
442499
442573
442664
442723
442730
442740
442788
442902
442904
443192
443349
443368
443390
443541
443668
443690
443743
443814
443955
444123
444270
444365
444683
444803
444867
444893
445057
445221
445221
445237
445279
445665
445729
445795
445895
445937
446095
446229
446251
446262
446299
446500
446594
446623
446641
446734
446931
446935
447006
447007
447054
447142
447166
447383
447694
447700
447716
447982
448152
448159
448296
448368
448678
448693
448852
448859
448972
448990
449031
449192
449318
449322
449437
449442
449504
449652
449719
449767
449827
449914
450031
450472
450767
450821
450955
450982
451023
451132
451205
451214
451230
451372
451436
451520
451522
451552
451606
451617
451683
451757
452113
452320
452350
452417
452520
452723
452813
452856
452912
453082
453096
453130
453235
453289
453319
453828
454328
454404
454456
454535
454629
454859
454920
455113
455325
455625
455906
456579
456631
456693
456845
456925
457025
457134
457148
457252
457287
457437
457447
457583
457601
457617
457686
457794
457836
458095
458107
458151
458219
458269
458296
458477
458522
458725
458744
458877
458980
459098
459240
459294
459401
459411
459622
459682
459716
459796
459916
460069
460213
460564
460588
460737
460763
460770
460994
461273
461400
461518
461694
461771
461791
461941
461947
462043
462163
462176
462205
462221
462570
462685
462771
462826
462857
462913
462928
462991
463045
463138
463301
463307
463361
463551
463600
463687
463688
463713
463733
463757
463775
463781
463829
463836
463951
463993
464221
464324
464340
464664
464694
464703
464725
464938
465041
465173
465186
465202
465214
465257
465277
465329
465402
465502
465599
465599
465613
465654
465705
465733
465766
465792
465907
465982
466014
466076
466108
466407
466556
466753
466908
466946
466986
467000
467021
467052
467100
467254
467264
467430
467801
467875
467949
468013
468148
468167
468296
468539
468637
468820
468891
468929
469005
469082
469192
469207
469250
469282
469443
469526
469556
469595
469611
469927
470063
470287
470364
470377
470436
470533
470553
470681
470744
470794
470838
471026
471226
471308
471309
471396
471832
471835
471920
471935
472014
472034
472120
472126
472168
472232
472357
472461
472500
472584
472675
472759
473151
473188
473205
473275
473426
473461
473507
473591
473600
473617
473622
473652
473678
473714
473743
473883
474528
474534
474593
474637
474651
474975
475031
475182
475286
475436
475617
475695
475984
476171
476250
476325
476344
476361
476407
476686
476833
476873
476919
477001
477020
477109
477149
477282
477289
477296
477304
477546
477590
477611
477626
477822
477837
477872
477966
477985
478040
478153
478236
478417
478466
478591
478660
478687
478920
479144
479157
479188
479249
479279
479338
479372
479586
479963
480103
480137
480160
480349
480365
480501
480535
480543
480698
480841
480892
480987
481096
481105
481106
481114
481118
481248
481313
481462
481642
481647
481651
481685
481913
482001
482265
482324
482413
482441
482468
482520
482531
482760
482768
482802
482961
483020
483066
483070
483076
483307
483484
483501
483732
483882
484053
484073
484073
484115
484199
484258
484262
484343
484397
484414
484505
484750
484774
484858
485012
485035
485143
485394
485396
485451
485819
485888
485964
486129
486226
486270
486587
486614
486680
486812
486834
486969
487139
487347
487406
487468
487541
487561
487602
487643
487817
487836
487957
487970
488059
488156
488238
488271
488317
488323
488681
488692
488967
489364
489370
489390
489515
489515
489644
489812
489856
489957
489970
490153
490237
490301
490371
490434
490723
490941
490994
491002
491047
491090
491146
491274
491391
491530
491630
491900
491909
491940
491941
492128
492581
492808
492860
492891
492920
493022
493039
493377
493645
493673
493866
493911
494060
494129
494228
494315
494347
494804
494873
494876
495015
495043
495108
495176
495265
495286
495428
495522
495603
495669
495697
495787
495840
495941
495950
496544
496566
496717
496826
496968
497025
497033
497090
497097
497097
497119
497135
497335
497529
497755
497837
497852
498065
498174
498319
498403
498510
498551
498662
498718
498785
498798
498971
498997
499037
499114
499226
499240
499246
499273
499319
499494
499591
499704
499755
499889
499991
500135
500218
500295
500351
500385
500425
500622
500649
500687
500721
500824
500860
500912
501062
501072
501088
501235
501340
501540
501712
501762
502063
502209
502299
502493
502525
502687
502931
503005
503194
503511
503559
503669
503738
503784
504042
504070
504154
504190
504239
504375
504411
504444
504497
504616
504708
504852
504940
505216
505273
505468
505613
505634
505639
505691
505885
505959
506052
506053
506090
506201
506246
506337
506436
506552
506559
506717
506725
506844
506856
507236
507344
507492
507504
507735
507763
507803
507921
507964
508205
508247
508422
508514
508543
508552
508564
508824
508886
509002
509003
509099
509136
509392
509414
509491
509503
509662
509756
509811
509962
510020
510095
510100
510206
510210
510305
510328
510341
510361
510447
510452
510500
510557
510638
510686
510953
511000
511033
511040
511071
511084
511202
511229
511231
511241
511244
511257
511261
511733
511824
512032
512084
512182
512222
512384
512399
512432
512440
512475
512512
512643
512686
512755
512800
512887
513098
513169
513423
513494
513581
513593
513641
513686
513724
513748
513792
513886
514338
514757
514846
514938
515038
515213
515310
515958
515997
516013
516065
516289
516365
516392
516405
516667
516678
516717
516945
516999
517027
517068
517075
517256
517276
517402
517578
517687
517708
517713
517751
517943
518085
518318
518724
518801
518902
518990
519095
519272
519460
519475
519707
519719
519733
519802
520013
520036
520040
520065
520114
520136
520241
520399
520408
520480
520539
520544
520799
521069
521205
521320
521746
521801
521864
522053
522165
522212
522229
522293
522342
522372
522426
522483
522664
522748
522763
522905
522910
523204
523279
523320
523334
523397
523407
523435
523533
523610
523846
523857
524078
524122
524129
524153
524344
524424
524488
524512
524555
524641
524647
524745
524890
524901
524950
525026
525043
525079
525107
525143
525235
525273
525299
525300
525391
525644
525704
525927
526031
526125
526149
526379
526614
526702
526843
526857
526895
527158
527241
527266
527409
527489
527638
527661
527741
527766
527916
528152
528312
528328
528328
528406
528513
528675
528697
528902
528945
528971
529084
529087
529093
529203
529248
529298
529407
529417
529453
529546
529550
529742
529800
529830
530056
530254
530571
530573
530713
530957
530991
531019
531062
531260
531332
531345
531626
531656
531734
531829
531930
532118
532271
532349
532350
532385
532599
532838
532855
533395
533600
533700
533826
534122
534342
534396
534461
534515
534722
534834
534967
534994
535021
535077
535170
535176
535439
535473
535493
535720
535881
535968
536186
536210
536371
536555
536592
537074
537105
537126
537148
537312
537322
537323
537660
537697
537786
537920
537927
538101
538500
538622
538688
538726
538779
538817
538844
539059
539093
539186
539294
539314
539509
539568
539676
539699
539734
539778
539862
539903
539937
539995
540079
540261
540294
540300
540382
540383
540474
540570
540682
540765
540827
540928
541001
541063
541097
541118
541229
541280
541493
541499
541561
541633
542042
542186
542192
542272
542344
542569
542709
542733
542837
542850
542932
542955
543089
543142
543164
543220
543332
543335
543434
543539
543540
543543
543550
543673
543734
543798
543894
544165
544321
544473
544527
544672
544712
544922
544923
544996
545041
545058
545203
545327
545592
545836
545893
546052
546251
546294
546318
546347
546375
546465
546553
546572
546818
546952
547227
547314
547646
547745
547788
547842
547855
547862
548001
548028
548112
548115
548137
548246
548408
548441
548520
548562
548887
549010
549111
549477
549575
549590
549594
549773
549796
549927
549935
549941
549971
550010
550025
550068
550073
550131
550184
550227
550235
550384
550385
550806
550995
551012
551201
551276
551299
551464
551535
551647
551888
551973
551982
552023
552293
552348
552429
552432
552524
552548
552728
552797
552817
552928
552944
553066
553192
553211
553360
553555
553683
553769
553959
554001
554049
554088
554093
554357
554378
554397
554406
554495
554507
554544
554548
554671
554893
555023
555426
555505
555520
555553
555605
555693
555707
555978
556139
556205
556237
556582
556584
556585
556743
556767
556932
557017
557112
557161
557190
557216
557240
557281
557339
557414
557554
557565
557584
557742
557819
557919
557929
557933
558067
558294
558513
558530
558535
558541
558553
558701
558770
558812
558881
558885
558889
559024
559025
559053
559071
559213
559295
559499
559540
559665
559670
560024
560164
560186
560236
560361
560447
560586
560713
560774
561079
561132
561311
561478
561516
561589
561644
561647
561672
561744
561867
561893
562048
562309
562382
562527
562812
563225
563332
563711
563770
563855
563919
563927
564015
564085
564189
564201
564286
564315
564372
564439
564985
565177
565255
565319
565335
565349
565476
565864
565940
565985
566045
566423
566545
566557
566911
567061
567180
567494
567548
567813
567882
567894
568088
568118
568405
568510
568546
568601
568612
568759
568877
568952
568962
568976
569021
569042
569065
569202
569281
569322
569654
569902
569983
570065
570124
570186
570356
570428
570648
570938
571020
571230
571241
571340
571422
571449
571766
571795
571831
571878
572018
572118
572133
572270
572343
572406
572444
572570
572577
572655
572752
572868
572930
572938
573121
573176
573288
573382
573499
573717
574242
574459
574504
574550
574565
574761
574809
575179
575253
575264
575455
575527
575540
575633
575718
575718
575779
575825
576167
576302
576400
576431
576658
576877
576978
577000
577032
577226
577228
577308
577471
577509
577546
577555
577560
577595
577661
577695
577799
577868
577878
577912
577950
577961
578091
578204
578236
578283
578379
578561
578610
578621
578779
578922
579122
579273
579460
579866
580023
580205
580332
580332
580343
580371
580411
580431
580452
580453
580519
580563
580680
580689
580693
580840
580934
580966
581033
581279
581325
581342
581419
581531
581585
581684
581842
581872
581993
582165
582250
582304
582338
582364
582394
582577
582618
582752
582801
582842
582843
582904
582918
582979
583109
583305
583468
583627
583686
583741
584197
584382
584387
584558
584746
584764
584886
584901
584930
584996
585023
585151
585158
585261
585302
585312
585413
585422
585590
585663
585676
585699
585885
585945
585978
586019
586025
586035
586123
586212
586250
586454
586468
586499
586602
587172
587198
587493
587549
587583
587850
587885
588006
588389
588459
588491
588496
588546
588583
588808
588924
589066
589231
589279
589347
589452
589557
589618
589661
589667
589733
589989
590127
590331
590474
590554
590557
590938
591112
591295
591413
591593
591654
591756
591778
591916
591972
591986
592404
592452
592454
592531
592617
592712
592868
593035
593210
593215
593215
593286
593302
593310
593437
593534
593690
593721
593935
594042
594080
594188
594297
594320
594393
594395
594403
594451
595203
595227
595235
595312
595427
595447
595451
595527
595692
595801
595885
595943
595971
595974
595998
596084
596143
596530
596771
596852
596936
596955
597054
597122
597213
597284
597285
597323
597403
597542
597679
597691
597781
597940
598007
598067
598304
598398
598497
598529
598610
598628
598738
598901
598968
599149
599164
599218
599287
599349
599408
599610
599686
599784
599806
599824
600006
600134
600139
600188
600245
600440
600609
600627
600843
600907
600974
600995
601019
601036
601167
601171
601178
601248
601506
602160
602197
602248
602346
602399
602669
602839
602848
602897
603031
603282
603286
603582
603942
603995
604001
604030
604157
604198
604458
604666
604902
604911
605030
605046
605102
605161
605206
605261
605425
605639
605867
605933
606196
606213
606239
606292
606378
606487
606615
606655
606719
606772
606783
606849
606850
607036
607499
607653
607832
607931
607936
608215
608331
608391
608487
608561
608575
608610
608785
608985
609004
609207
609345
609387
609491
609553
609845
609877
609886
610000
610047
610141
610259
610328
610533
610569
610583
610584
610646
610662
610671
610777
610832
610947
611006
611179
611184
611307
611520
611548
611773
611825
611942
612089
612108
612345
612434
612501
612582
612747
613069
613097
613183
613293
613439
613649
613701
613703
613727
613782
613835
614063
614114
614295
614358
614446
614479
614589
614765
614796
614855
614857
614926
614955
615036
615193
615347
615561
615563
615615
615694
615708
615762
615794
615904
616036
616111
616185
616353
616562
616801
617001
617013
617027
617042
617071
617088
617111
617130
617394
617464
617519
617561
617622
617748
617969
618059
618357
618368
618484
618512
618697
618707
618763
618822
618839
618938
619235
619628
619802
619983
620053
620227
620270
620364
620537
620582
620605
620686
620919
621088
621421
621432
621859
621932
621965
622034
622063
622185
622281
622286
622316
622493
622864
623110
623112
623116
623118
623307
623321
623402
623426
623520
623751
623880
623895
623935
623947
623959
623961
624240
624311
624465
624506
624971
624974
625180
625282
625366
625506
625548
625579
625754
625843
625849
625875
626052
626135
626173
626471
626676
626802
626833
627139
627179
627525
627595
627611
627686
627704
627748
627830
627855
627917
627922
627923
627995
628100
628104
628105
628122
628154
628294
628323
628730
628778
628842
629082
629150
629167
629191
629271
629321
629464
629483
629542
629588
629618
629690
629696
629869
629927
629978
630017
630137
630194
630369
630568
630569
630609
630901
630938
631032
631081
631162
631181
631289
631470
631588
631752
631862
632009
632044
632061
632092
632174
632272
632340
632405
632442
632640
632663
632759
632895
632930
633042
633224
633306
633324
633336
633918
633934
634136
634252
634360
634379
634518
634580
635027
635077
635118
635229
635469
635521
635614
635623
635651
635789
635948
636162
636165
636340
636352
636529
636538
636546
636748
636791
636798
636969
637030
637194
637214
637344
637438
637602
637620
637706
637810
637864
637980
638109
638282
638580
638802
638823
638996
639026
639259
639266
639299
639353
639388
639390
639568
639611
639723
639755
639835
639945
640061
640125
640150
640211
640285
640359
640370
640504
640592
640617
640732
640768
640801
640829
640855
641015
641098
641269
641550
641742
641747
641867
641889
642036
642183
642269
642290
642504
642811
642916
643070
643146
643261
643268
643417
643479
643591
643646
643678
643766
644027
644164
644222
644279
644325
644398
644549
644560
644598
644710
644873
645042
645091
645329
645345
645487
645502
645511
645663
645766
645815
645841
645935
646092
646152
646212
646232
646344
646469
646584
646990
646999
647266
647538
647565
647779
648199
648231
648240
648298
648377
648388
648395
648440
648486
648556
648574
648679
648737
649055
649228
649240
649252
649726
649807
649873
649907
650089
650127
650129
650302
650314
650403
650504
650620
650662
650715
650723
650723
650726
650771
650867
651211
651267
651350
651419
651544
651588
651714
651974
651990
652067
652288
652391
652422
652541
652563
652651
652953
653000
653086
653109
653142
653191
653282
653324
653346
653351
653464
653553
653589
653634
653751
653852
654175
654312
654373
654377
654402
654415
654548
654694
654804
655044
655061
655342
655504
655624
655695
655796
655945
656080
656130
656139
656287
656542
656575
656638
656664
656700
656702
657221
657488
657835
657914
658007
658016
658268
658314
658573
658588
658627
658754
658874
658961
659029
659369
659425
659442
659528
659799
659802
660049
660068
660114
660365
660383
660425
660462
660525
660679
660679
660752
660838
660883
661070
661078
661146
661191
661198
661216
661287
661372
661400
661414
661430
661514
661623
661636
661640
661726
661759
661772
662037
662060
662070
662133
662203
662285
662342
662453
662543
662552
662844
662947
662983
663408
663686
663751
664051
664096
664161
664176
664178
664245
664309
664363
664607
664644
664747
664797
664860
664983
665072
665253
665327
665338
665408
665513
665575
665704
665837
665854
666048
666142
666442
666751
666847
667247
667285
667348
667363
667583
667818
667849
667925
667945
668029
668058
668090
668144
668440
668495
668558
668710
668825
668843
669165
669192
669197
669319
669524
669736
670113
670244
670475
670637
670737
670758
670810
670855
670909
671007
671055
671147
671337
671445
671520
671614
671770
671780
671893
671940
671970
672200
672487
672491
672518
672546
672562
672599
672801
672861
672896
672896
673337
673451
673496
673507
673551
673708
673780
673785
673936
674269
674494
674529
674547
674657
674754
674801
674854
674869
675156
675243
675279
675354
675475
675689
675755
675852
675895
675924
675999
676067
676094
676263
676372
676473
676546
676616
676667
676732
676858
676981
677231
677245
677258
677361
677377
677436
677444
677462
677464
677634
677651
677697
677719
677890
678291
678400
678431
678844
679029
679097
679267
679298
679425
679907
679949
679973
680080
680148
680210
680225
680495
680741
680752
680785
680818
680908
680984
681127
681186
681567
681685
681885
682056
682164
682255
682419
682472
682481
682624
682644
682691
682706
682726
682743
682941
682987
682995
683025
683140
683149
683233
683254
683341
683411
683497
683599
683631
683727
683758
684139
684189
684194
684229
684270
684679
684755
684823
684942
685013
685289
685383
685465
685753
686001
686002
686019
686022
686116
686148
686178
686393
686465
686735
686844
686870
686943
686944
687032
687093
687147
687180
687202
687234
687327
687352
687493
687577
687601
687666
687788
687913
687941
688018
688255
688347
688561
688644
688905
688993
689175
689280
689324
689363
689436
689548
689754
689962
690047
690079
690155
690236
690350
690431
690460
690508
690736
691037
691446
691488
691637
691798
691863
691893
691902
691948
691949
692003
692196
692196
692230
692313
692375
692565
692568
692581
692588
692609
692863
692938
692979
693030
693055
693064
693404
693973
694020
694088
694150
694192
694193
694221
694254
694365
694389
694484
694523
694660
694671
694863
694875
694930
694934
694946
695003
695120
695129
695223
695235
695264
695294
695359
695428
695549
695723
695808
695822
695843
695926
695981
696136
696174
696230
696325
696464
696482
696524
696616
696649
696675
696692
696779
696837
697095
697119
697311
697387
697426
697495
697581
698077
698087
698230
698401
698546
698570
698692
698771
699023
699047
699091
699108
699287
699373
699717
699723
699895
699926
699986
700055
700150
700215
700345
700563
700565
700676
700716
700716
700740
700751
700779
700812
700817
700981
700996
701002
701061
701084
701099
701143
701188
701389
701447
701710
701817
702170
702212
702520
702551
702616
702684
702843
702873
702903
703182
703197
703254
703680
703739
703953
703995
704118
704329
704562
704578
704607
704640
704724
704751
704783
704801
704961
705066
705339
705358
705452
705591
705592
705878
705951
706027
706038
706372
706498
706689
706738
706906
706931
706971
707004
707019
707055
707178
707271
707426
707594
707854
707947
707982
708182
708214
708286
708340
708355
708379
708569
708603
708816
708878
709239
709242
709263
709405
709616
709817
709844
709884
710090
710192
710218
710480
710882
710887
710906
711031
711089
711246
711417
711488
711522
711666
711703
711706
711732
712023
712047
712081
712234
712278
712312
712344
712431
712439
712605
712676
712700
712808
712828
712947
713009
713027
713199
713220
713277
713376
713612
713733
713778
713784
713870
714034
714309
714377
714390
714446
714557
714582
714643
714829
714835
714856
714888
715028
715171
715444
715480
715540
715888
716197
716340
716361
716385
716780
716848
716912
716917
717127
717147
717148
717199
717268
717328
717345
717370
717393
717430
717571
717655
717985
718059
718088
718273
718420
718602
718808
718877
719027
719216
719289
719449
719455
719604
719616
719691
719967
720266
720366
720512
720543
720566
720591
720670
720749
720760
720818
720923
720993
720998
721001
721041
721239
721504
721512
721572
721653
721727
721728
721762
722044
722184
722218
722441
722488
722668
722673
722725
722834
722865
723076
723138
723143
723149
723190
723266
723292
723442
723478
723674
723783
723793
723917
724046
724208
724238
724380
724514
724627
724660
724729
724847
725039
725147
725184
725304
725543
725874
725885
726168
726283
726473
726618
726654
726657
726662
726687
726702
726741
726785
726965
726987
727018
727030
727199
727562
727655
727659
728110
728346
728443
728467
728566
728593
728635
728784
729182
729424
729496
729596
729773
729796
729820
729879
729926
730054
730085
730510
730589
730753
731045
731047
731065
731125
731150
731167
731329
731412
731537
731539
731968
732409
732417
732454
732762
732909
732990
733042
733047
733059
733350
733444
733685
733715
733789
733817
733822
733977
734117
734218
734279
734356
734478
734848
734992
735123
735233
735612
735647
735651
735720
735764
735886
735926
735936
736149
736393
736464
736502
736507
736511
736523
736586
736603
736620
736639
736735
736756
736873
736997
737017
737077
737129
737139
737189
737238
737345
737362
737379
737431
737563
737645
737788
738019
738116
738163
738279
738334
738398
738435
738444
738568
738767
738865
738894
739030
739121
739193
739244
739400
739547
739734
739837
739996
740024
740132
740298
740338
740523
740597
740597
740738
740779
740808
740838
741022
741077
741105
741137
741153
741159
741217
741291
741297
741370
741407
741415
741572
741578
741665
741671
741680
741755
741785
741823
741837
741841
741918
741943
741961
742012
742090
742179
742262
742274
742287
742398
742432
742499
742591
742615
742818
742906
743207
743252
743375
743378
743411
743533
743655
743722
743997
744070
744206
744297
744406
744478
744580
744683
744768
744802
745048
745069
745236
745296
745310
745469
745475
745656
745753
745764
745904
745972
746009
746053
746086
746159
746317
746318
746411
746419
746505
746523
746557
746563
746682
746827
746924
746948
746962
747048
747257
747321
747340
748076
748118
748174
748237
748434
748452
748469
748580
748764
749227
749336
749382
749435
749439
749763
749869
749993
750022
750168
750168
750377
750425
750509
750549
750585
750790
750965
751084
751124
751155
751181
751348
751521
751596
751709
751759
751824
751940
752095
752129
752426
752459
752525
752526
752548
752651
752824
753097
753140
753347
753423
753568
753985
754074
754087
754108
754163
754194
754309
754335
754356
754406
754542
754766
754900
755010
755777
755906
755978
756025
756095
756255
756258
756368
756660
756767
756789
756898
756915
757086
757133
757237
757263
757298
757506
757567
757735
757894
757901
758149
758235
758292
758320
758384
758420
758445
758475
758585
758662
759069
759244
759528
759661
759774
759833
760022
760085
760402
760539
760545
760603
760611
760683
760736
760740
760767
760830
761061
761147
761369
761443
761534
761557
761580
761665
761708
761880
762316
762594
762845
762855
762926
762989
763062
763120
763184
763277
763406
763495
763552
763626
763662
763665
763738
764009
764081
764447
764561
764735
764736
764851
764927
765276
765430
765444
765449
765588
765590
765643
766046
766716
766825
766867
767133
767162
767187
767217
767281
767302
767325
767375
767448
767565
767722
767737
767776
768182
768205
768440
768554
768656
768764
768765
768925
769003
769072
769191
769352
769422
769525
769564
769655
769897
770033
770037
770249
770378
770482
770821
770876
770902
771116
771408
771434
771515
771536
771610
771865
771955
772086
772108
772130
772246
772426
772517
772664
772716
772778
772868
772890
772925
772948
773016
773043
773275
773379
773415
773436
773609
773618
773880
773895
773906
773970
774009
774061
774063
774289
774415
774493
774522
774548
774614
774719
774791
774853
774934
775274
775313
775359
775444
775556
775584
775602
775737
776011
776083
776235
776276
776286
776338
776393
776424
776431
776631
776671
776681
776791
776829
776978
777149
777158
777195
777228
777266
777367
777428
777507
777647
777880
777925
778113
778149
778265
778322
778386
778593
778595
778759
778773
779282
779404
779445
779475
779488
779522
779674
779705
779904
780142
780180
780261
780314
780360
780368
780510
780807
780896
780899
780979
781011
781122
781128
781191
781193
781210
781286
781527
781603
781828
781939
781962
782123
782205
782273
782281
782302
782574
782580
782652
782658
782741
782789
782829
782884
783170
783250
783449
783575
783617
783632
783706
783815
783833
783885
783901
783919
784136
784222
784246
784336
784580
784667
784672
784732
784788
784819
784863
784866
784894
785288
785323
785438
785477
785855
785956
786035
786365
786447
786532
786589
786739
787027
787137
787292
787311
787388
787489
787529
787536
787615
787629
787631
787762
787776
787780
787852
787862
787930
787983
788037
788112
788216
788311
788564
788575
788658
788697
788733
788795
789210
789499
789516
789680
789699
789847
789866
789921
790131
790143
790284
790511
790564
791003
791103
791337
791389
791483
791534
791605
791681
791784
792084
792303
792363
792381
792476
792530
792611
792644
792647
792741
792839
793068
793164
793260
793475
793716
793803
793862
794074
794117
794210
794282
794302
794395
794437
794477
794488
794562
794616
794657
794684
794706
794714
794881
794921
794938
794961
795067
795215
795307
795378
795484
795531
795533
795660
795685
795795
795853
796026
796066
796278
796356
796639
796643
796678
796694
796911
797198
797205
797375
797589
797697
797841
797871
798271
798555
798762
798833
798840
798897
799151
799208
799314
799347
799353
799618
799672
799675
799692
799786
800096
800125
800137
800174
800302
800486
800510
800521
800735
801110
801110
801121
801216
801278
801282
801399
801426
801489
801548
801569
801942
802020
802085
802137
802204
802346
802391
802494
802510
802526
802654
802741
803023
803101
803144
803245
803281
803452
803835
803998
804079
804085
804187
804252
804281
804335
804470
804556
804644
804716
805206
805336
805368
805519
805525
805769
805862
805869
805943
806092
806442
806588
806839
806978
807109
807211
807330
807515
807688
807734
807839
807907
807963
808013
808081
808122
808144
808610
808618
808765
808798
808840
809153
809161
809214
809290
809390
809410
809467
809535
809590
809594
809717
809784
809995
810060
810283
810345
810409
810571
810664
810695
810810
810892
811001
811025
811032
811089
811171
811271
811502
811528
811938
812001
812164
812807
813062
813174
813231
813233
813449
813574
813621
813625
813726
813809
813915
814057
814153
814168
814346
814392
814459
814666
814743
814751
814865
814916
814994
815071
815206
815239
815251
815387
815518
815670
815787
815791
815860
815886
815983
816147
816171
816250
816265
816282
816601
816765
816831
817699
817755
817792
817953
818389
818398
818598
818783
818992
819157
819489
819570
819644
819729
819795
819816
819915
820073
820145
820763
820862
820918
821106
821143
821255
821523
821719
821771
821926
821946
822022
822054
822075
822078
822101
822289
822602
822746
822779
822782
822816
823013
823015
823024
823062
823073
823217
823320
823348
823358
823380
823386
823428
823529
823530
823659
824038
824112
824174
824188
824255
824261
824473
824493
824533
824755
824767
824782
824897
824906
824983
825008
825039
825119
825146
825190
825461
825472
825493
825561
825764
825932
825999
826109
826137
826257
826509
826530
826693
826700
826732
826964
827009
827013
827218
827244
827408
827444
827464
827464
827477
827857
828032
828200
828362
828427
828482
828502
829011
829031
829130
829265
829369
829375
829450
829505
829562
829760
829806
829829
829937
830127
830218
830224
830520
830534
830552
830622
830849
830938
830983
831016
831185
831211
831266
831294
831568
831614
831836
832155
832231
832424
832844
833035
833119
833183
833270
833338
833520
833574
833659
833707
834043
834220
834353
834399
834502
834502
834507
834703
834718
834768
834878
834942
834950
834960
834985
835061
835180
835388
835430
835511
835705
835838
835876
835877
836220
836404
836452
836513
836600
836634
836658
836672
836862
836891
836911
836971
837135
837317
837361
837490
837513
837589
837604
837697
837811
837818
838060
838079
838219
838329
838418
838453
838457
838591
838635
838781
838969
838989
839283
839283
839369
839479
839510
839676
840122
840188
840245
840248
840378
840689
840743
840832
840839
841190
841320
841403
841462
841619
841804
841835
841844
841917
841976
841991
842033
842264
842285
842626
842649
842685
842702
842711
842754
842875
842971
843058
843138
843260
843351
843539
843661
843724
843816
844010
844016
844105
844151
844178
844223
844244
844324
844740
844756
844858
844860
844861
844984
845207
845329
845549
845691
845896
845999
846024
846030
846181
846245
846273
846351
846434
846490
846530
846787
846903
846941
846967
847034
847271
847382
847433
847520
847533
847703
847767
847936
847937
847942
848047
848102
848125
848143
848469
848557
848756
848920
849087
849231
849579
849601
849835
850033
850443
850446
850577
850601
850612
850640
850641
850804
850810
850853
850908
850909
851090
851273
851278
851327
851341
851404
851645
851829
851836
851948
852106
852201
852212
852324
852330
852539
852649
852849
852903
852935
852979
853146
853249
853271
853326
853401
853407
853559
853678
853767
853770
853792
853845
853942
854071
854086
854112
854323
854334
854373
854408
854460
854494
854529
854602
854703
854705
854805
854818
854992
855112
855209
855216
855413
855569
855719
855788
855812
856025
856032
856107
856107
856408
856488
856505
856532
856627
856897
856918
856978
857121
857242
857324
857414
857435
857860
857928
857937
857945
857959
858014
858044
858061
858081
858232
858373
858377
858379
858429
858438
858498
858524
858566
858615
858676
858780
858818
858904
858987
859042
859076
859095
859283
859607
859655
859689
859733
859733
859756
859918
859921
860091
860287
860300
860307
860525
860531
860657
860714
860764
861120
861229
861431
861464
861684
861796
862035
862070
862241
862341
862431
862437
862535
862588
862760
862796
862917
862930
862945
862957
862964
862997
863186
863217
863258
863403
863486
863726
863745
863961
864110
864207
864212
864246
864398
864418
864664
864778
864794
864996
865047
865257
865370
865379
865404
865489
865633
865668
865720
865868
865878
865981
866157
866305
866516
866664
866731
866985
866994
867038
867084
867106
867162
867379
867464
867524
867863
867876
867901
867919
867944
868048
868107
868119
868265
868271
868302
868330
868407
868449
868510
868522
868609
869042
869091
869134
869191
869195
869241
869259
869281
869364
869631
869801
869940
869972
870242
870270
870953
871109
871181
871491
871640
871752
871840
871943
872267
872350
872417
872450
872667
872699
872846
872988
873004
873090
873308
873320
873522
873568
873607
873691
873746
873906
874350
874515
874550
874943
875160
875251
875263
875299
875387
875492
875688
875721
875737
875836
875940
876114
876210
876416
876451
876475
876790
876793
876929
877086
877353
877369
877390
877474
877485
877593
877635
877686
877786
877868
877873
877874
878027
878052
878151
878212
878266
878335
878493
878506
878523
878602
878675
878677
878711
878751
878761
878790
878913
879292
879300
879354
879399
879569
879594
879864
879911
879972
880257
880382
880807
880927
880972
881074
881119
881176
881313
881346
881433
881439
881568
881756
881852
881855
881880
881942
881968
882000
882049
882121
882221
882255
882269
882279
882403
882433
882513
882547
882564
882579
882586
882620
882628
882669
882725
882763
882836
882869
883015
883057
883166
883309
883351
883356
883414
883493
883743
883968
884111
884325
884388
884616
884678
884836
885091
885152
885338
885511
885523
885581
885747
885942
885974
885987
886056
886269
886432
886501
886511
886800
887125
887138
887184
887217
887226
887456
887473
888014
888194
888226
888286
888291
888405
888577
888611
888693
888738
888760
888853
888869
888885
888956
889202
889252
889276
889477
889507
889552
889620
889900
890108
890217
890341
890426
890434
890528
890706
890951
891004
891173
891257
891533
891762
891805
891996
892056
892162
892583
892612
892786
892914
892937
893023
893270
893529
893582
894263
894293
894312
894355
894423
894614
894884
895230
895515
895630
895713
895732
895738
895978
895988
896013
896123
896143
896454
896493
896495
896573
896619
896644
897124
897384
897397
897407
897435
897492
897662
897881
897913
897980
898052
898096
898129
898145
898198
898335
898351
898368
898575
898581
898691
898786
898923
899031
899169
899297
899354
899474
899538
899554
899738
899894
899920
900224
900476
900741
900796
900934
901109
901650
901848
901950
902006
902245
902403
902427
902480
902567
902595
902602
902747
902768
902875
902930
903141
903343
903653
903884
903995
904201
904429
904429
904618
904767
904814
905104
905221
905414
905499
905677
905738
905748
905801
905834
906060
906103
906117
906193
906615
906702
906849
907118
907179
907212
907304
907330
907420
907529
907589
907665
907745
908020
908048
908071
908372
908380
908562
908565
908671
908671
908698
908946
908962
909023
909223
909302
909462
909889
909890
909891
910209
910320
910349
910634
910727
910808
911023
911178
911182
911225
911268
911567
911590
911653
911757
911810
911907
911916
912022
912051
912245
912316
912450
912533
912635
912850
912883
913048
913070
913144
913406
913424
913562
913650
913692
913743
914003
914253
914310
914469
914672
914710
914799
914806
914916
915054
915070
915289
915377
915460
915579
915587
915670
915701
915912
915917
916068
916106
916125
916164
916253
916392
916517
916633
916638
916639
916774
916942
917091
917142
917755
917762
917780
917908
917912
917924
917941
917987
918007
918022
918246
918365
918567
918754
918959
919086
919390
919461
919687
919690
919750
919783
919822
919868
920000
920067
920077
920119
920162
920383
920612
920694
920810
920945
921260
921459
921477
921530
921763
921994
922113
922266
922465
922623
922718
922768
922775
922899
922911
923003
923041
923047
923206
923249
923475
923487
923588
923668
923766
923785
923973
924034
924050
924103
924131
924141
924189
924270
924549
924622
924745
924788
924941
924966
924980
925102
925116
925165
925264
925432
925482
925614
925708
925716
925725
925869
925944
926037
926039
926253
926298
926306
926330
926338
926528
926604
926855
926976
927061
927161
927223
927228
927448
927460
927854
927874
927983
927990
928017
928044
928156
928190
928381
928420
928488
928731
928783
928815
928880
928889
928889
928986
929165
929280
929620
929727
929744
929923
930028
930093
930110
930150
930212
930237
930295
930299
930621
930664
930826
931058
931077
931092
931154
931430
931432
931647
931699
931710
931732
931742
931878
932025
932179
932256
932452
932471
932547
932562
932587
932603
932759
932870
933000
933012
933151
933307
933671
933693
933705
933739
933763
933777
933861
934004
934022
934088
934166
934200
934255
934269
934271
934495
934574
934594
934632
934657
935073
935106
935357
935550
935669
935681
936114
936118
936170
936274
936352
936443
936477
936633
936644
936866
936952
937083
937176
937367
937506
937543
937640
937662
937725
937731
938272
938296
938453
938499
938507
938512
938676
938923
938960
939307
939446
939561
939685
939734
939785
940089
940185
940194
940283
940421
940510
940555
940599
940658
940866
940885
940956
941068
941105
941165
941305
941378
941554
941598
941825
942111
942137
942197
942222
942338
942376
942388
942520
942783
942785
943164
943413
943534
943678
943719
943752
943812
943978
944052
944078
944122
944143
944179
944213
944573
944607
944633
944638
944688
944742
945115
945359
945369
945465
945506
945523
945597
945602
945640
945812
945902
945993
946144
946206
946296
946496
946622
946678
946686
946709
946753
946772
946807
947018
947024
947086
947172
947749
947864
947955
948233
948321
948520
948686
948894
948937
948937
948952
949064
949182
949260
949281
949311
949336
949412
949435
949435
949719
949736
949803
949845
950249
950343
950419
950531
950625
950712
950996
951014
951183
951437
951556
951656
951685
951784
951801
951838
952070
952179
952213
952599
952718
952760
952782
952836
952868
953091
953092
953104
953196
953263
953306
953319
953783
953804
953880
953894
953935
953967
954039
954098
954395
954487
954751
954844
954873
954883
954896
955021
955075
955382
955446
955476
955596
955604
955727
955743
955743
955775
955875
955920
955995
956079
956103
956133
956261
956314
956447
956615
956842
956847
956908
956908
956964
957093
957292
957292
957415
957513
957627
957669
957674
957680
957737
957743
957743
957767
957985
958071
958075
958132
958189
958221
958377
958506
958541
958598
958681
958816
958851
958988
959087
959104
959358
959573
959599
959614
959615
959868
959986
959988
960265
960425
960600
960613
960731
960989
961108
961171
961220
961255
961329
961438
962154
962228
962243
962265
962373
962458
962474
962773
962964
962967
962993
963067
963150
963214
963377
963456
963523
963582
963627
963673
964237
964343
964553
964568
964825
964842
964978
964985
965170
965380
965425
965496
965630
965789
966051
966076
966201
966230
966237
966250
966280
966308
966359
966412
966485
966632
966647
966734
966808
966913
967082
967110
967229
967589
967652
967855
968185
968194
968389
968416
968751
968868
969037
969180
969288
969299
969371
969674
970011
970108
970247
970324
970429
970550
970567
970583
970665
970861
970861
970883
970938
970965
970998
971065
971067
971067
971589
971672
971690
971745
971770
971796
971798
971821
971946
971976
972024
972111
972190
972221
972247
972296
972315
972346
972417
972438
972458
972461
972550
972638
972738
972774
972798
972947
973032
973036
973261
973382
973509
973553
973771
973782
973876
974263
974324
974455
974456
974472
974537
974582
974587
974592
974597
974629
974714
974921
974932
975035
975325
975514
975567
975725
975734
975993
976063
976151
976210
976265
976267
976324
976346
976366
976526
976529
976668
976896
976912
976961
977016
977076
977206
977307
977417
977511
977530
977561
977580
977669
977711
977758
977771
977798
977942
978237
978310
978364
978397
978471
978506
978542
978557
978580
978584
978590
978639
978641
978709
978855
979327
979375
979561
979624
979788
980194
980502
980591
980618
980637
980705
981284
981285
981547
981547
981568
981587
981698
982164
982186
982212
982529
982703
982744
982914
982921
982929
983014
983086
983525
983638
983681
983702
983813
983845
983925
983943
984030
984046
984047
984123
984342
984434
984495
984518
984520
984572
984601
984717
984826
984888
985167
985256
985289
985364
985375
985501
985639
985941
985983
985995
986106
986115
986199
986408
986474
986570
986627
986744
986843
986868
986876
987070
987136
987163
987272
987333
987601
987708
987817
987894
988024
988047
988102
988408
988621
988680
988726
988746
988907
988908
988946
989031
989443
989667
989668
989709
989830
989886
989909
989999
990111
990160
990204
990211
990434
990491
990501
990511
990591
990615
990670
990675
990737
990755
990819
990834
990987
991010
991117
991172
991188
991248
991344
991451
991464
991773
991792
992315
992415
992540
992553
992704
992771
992814
992937
992942
992968
993039
993109
993174
993287
993371
993409
993475
993575
993712
993716
993828
993842
993851
993886
994024
994056
994067
994191
994197
994286
994483
994509
994580
994697
994732
994740
994778
994928
994932
995080
995437
995553
995611
995667
995671
995811
995849
996547
996558
996614
996871
996927
996935
997160
997195
997345
997506
997598
997957
998000
998185
998210
998272
998304
998357
998630
998853
998899
998946
999023
999078
999439
999599
999699
999794
999800
999897
999902
999918
999950
