999275
998263
995516
994242
993360
992181
991761
991071
990131
989938
988755
987708
987564
983341
983139
982236
981397
978861
978380
977799
974953
973766
973607
973592
972734
972687
971879
971560
969609
969112
969029
968592
967632
966460
964958
964243
962999
962962
960169
956175
954272
951567
951423
950922
950847
947759
945659
944504
943278
942245
942185
941964
940140
939963
939205
937825
935537
935388
935146
934633
933977
932681
931316
931160
931022
930847
930468
930143
929043
928527
927293
927091
926261
926154
925066
923713
923269
922286
919577
917765
917202
917054
916127
916049
914665
913770
913543
912035
911803
911738
911363
910239
909335
907641
907127
905282
905038
904187
902230
902078
899113
898542
897924
896276
893136
892270
891818
890482
889722
889627
889431
888079
887093
886989
886731
886542
885093
884194
883293
879669
876231
873689
871467
871395
871351
869269
869006
866849
865912
865908
865466
865311
863894
863782
863737
863712
861141
860988
859595
858620
858444
858224
857628
854659
853428
853278
852385
849589
847315
847312
847169
845554
845445
843036
841956
841730
841684
840131
839056
837540
836881
834356
834037
833565
832501
832014
831861
830819
830017
829476
826806
826561
824880
820024
816628
815678
815480
815473
812784
811968
811777
810952
810617
809527
808185
807156
807016
805880
804000
803789
801470
801192
799873
797562
794643
794011
793012
792819
792592
792412
791393
791362
790634
789364
788546
788424
787835
787431
786933
786603
786378
785620
785394
784831
784677
783143
782198
781882
781054
780695
780339
779443
778656
778235
773888
772763
772099
771417
771394
771066
770729
770159
769277
768096
766451
765826
765025
764041
763182
762876
762262
761922
760533
760082
760018
759695
759095
757863
756713
755877
755573
755536
754618
754605
752999
752931
748104
747126
746741
744812
743529
742850
739033
738662
738170
736422
734299
732463
731024
730885
730665
730614
728860
728421
728097
726509
725669
725181
724964
724745
722363
720741
719300
717606
717450
717266
717239
714227
713547
712959
712071
711329
710946
709840
705201
703047
702386
701886
701850
700145
699362
699208
698681
698075
698021
696966
695200
692986
690293
684510
684137
681992
680293
676172
675092
674583
673143
672261
671959
671137
670174
669408
669158
666842
666782
666683
665211
665018
663501
663351
661634
661438
660453
659823
658620
657445
655969
655704
654537
654438
654277
653774
653182
652941
650680
643604
643467
642389
642126
641543
639737
636537
636511
635027
634849
632761
631620
631494
630638
630036
629573
625742
625721
623936
623927
622028
621948
621374
621251
619580
617213
616678
614631
614167
613325
612756
611921
611487
607713
607212
605790
604342
602807
602080
596686
596381
596069
595536
594732
594041
593603
593000
592895
592114
590425
589475
589331
587862
586316
585703
584230
580761
579319
577814
577709
577646
576773
575168
574226
573317
573078
572864
572822
572169
571949
571271
571032
570573
570318
568938
567192
566485
565719
565231
563657
563276
559399
557020
556384
555075
554946
554346
553568
552794
551332
547201
543265
541571
538189
537663
537643
536986
536739
536689
536649
535831
534817
532242
530888
529484
527981
525258
524785
524352
524057
523930
523062
521185
517691
517556
516872
513894
513320
511980
511297
508965
508735
507694
505640
505097
502692
501918
500694
500107
499352
499351
498600
498345
497886
494391
494366
492614
488438
488366
488158
488033
487843
486629
485866
485808
484445
483705
483424
483065
480495
479000
478142
475867
474609
472437
471434
468631
468510
468324
467369
466863
466661
464413
464097
463970
463829
463126
462219
459997
459944
458608
457748
455988
455955
455754
455609
455570
454872
454642
454608
453228
450956
450709
450698
449678
449636
448603
447678
446155
446002
445865
441990
436485
434693
434061
432725
431453
429410
428459
428365
426786
425923
424779
424530
422511
421139
420232
420170
419983
419545
418035
417841
416674
411341
410542
410042
409847
409467
408229
406600
403414
402035
401838
400945
400399
399590
399220
398545
397173
397145
395678
395675
395488
395361
394949
394548
394228
391884
391444
389935
388948
387191
386678
385593
384880
383918
383687
383159
382847
382670
381810
381107
380191
380084
378487
377197
376748
375864
375346
374949
374280
374090
372716
372210
367461
367249
363180
362724
360900
360864
360125
360068
360016
360006
359603
359494
359018
358946
358556
355017
353188
352635
352478
352235
351598
349997
346528
344786
344356
344204
344160
341653
340941
340345
336899
336883
336692
336334
334653
333723
332511
330428
330332
329984
326033
325700
325365
324303
323642
323314
323177
323124
322266
322065
321048
320947
320393
317944
317257
317250
315608
314605
314588
314581
314347
314043
312206
311649
309174
308721
305496
304454
303998
303345
303018
302498
302138
301375
300496
300371
300363
299344
299048
298178
298142
295672
295195
293803
293591
293052
292311
291683
290990
290955
288743
288369
285473
283451
281207
279576
278616
277965
275711
275255
275078
273977
273846
273604
273237
273067
272784
272517
272365
271525
271505
270816
269644
269387
267506
267071
261426
261181
260506
258606
258296
257257
256922
256890
255867
251274
250210
249521
248395
248235
248168
247808
247667
247066
244658
244294
242062
239529
237467
235607
232808
229334
228902
228381
228091
226207
225218
224630
222247
221793
221420
220561
220549
220419
219915
219380
219032
218031
216511
216101
215928
215246
213335
211875
211748
211405
211329
210429
210151
209569
209499
209298
208061
207547
207140
206744
205811
205467
205074
203704
203205
201812
201792
198701
197618
196927
195827
195803
195355
194922
194602
194579
193475
192435
192193
188186
188077
187176
186112
185637
185468
182990
182819
182497
181066
179855
179259
178879
177440
175943
174743
174105
173508
172838
172488
171866
171802
171570
171482
170815
170656
170079
169622
164481
163952
163300
161753
161422
161178
160764
158679
158291
157055
156434
156415
155868
154667
153835
153586
152699
151223
150585
149876
149861
149561
149161
146750
146662
145916
145317
144163
139659
138799
138285
136281
135959
135663
135640
132792
129245
128521
128229
127584
124709
124101
123984
122191
121980
120315
119158
118364
118189
117952
117519
116412
116340
116234
113665
112982
109873
108080
103363
102998
101817
101740
100551
100299
99446.1
98278.6
96703.1
95810.3
95242
91477.4
90368.6
89633.1
87795.4
86766.9
86119.5
85544.6
83448.5
83429.6
82650.6
81400.6
79278.9
75635.8
74807.9
74711.7
74572.8
73683.3
73185.4
72517.4
69958.8
69341.7
69041.1
68587.8
66069.6
65838.9
65479.3
65304.6
64803.8
64181.2
62886.8
61174.3
61003.3
60686.2
60551.8
59712.8
58800.8
58742.6
57616.4
57441.1
55216.1
54378.8
54090.8
52006
51574
51421.7
48898.5
48819.1
47859.5
45657.3
43412.1
41964
41133.2
40985.6
40526.2
40454.5
38431.7
38138.6
37238.7
33789
33543.2
31824.2
29449.2
29351.5
27441.9
26746
25985.2
22925.4
22871.8
21512.8
20759.1
20473.7
19373.6
19157.1
17413.1
17392.4
17258.6
16576.1
16442.5
15521
14949.5
14823.2
14796.7
14068.3
13247.9
12287.1
12036.3
10400.7
9863.79
9821.58
8720.09
7482.89
7003.48
6411.21
5131.81
4923.24
4622.42
1888.69
1461.81
1306.51
