999950
999918
999902
999897
999800
999794
999699
999599
999439
999078
999023
998946
998899
998853
998630
998357
998304
998272
998210
998185
998000
997957
997598
997506
997345
997195
997160
996935
996927
996871
996614
996558
996547
995849
995811
995671
995667
995611
995553
995437
995080
994932
994928
994778
994740
994732
994697
994580
994509
994483
994286
994197
994191
994067
994056
994024
993886
993851
993842
993828
993716
993712
993575
993475
993409
993371
993287
993174
993109
993039
992968
992942
992937
992814
992771
992704
992553
992540
992415
992315
991792
991773
991464
991451
991344
991248
991188
991172
991117
991010
990987
990834
990819
990755
990737
990675
990670
990615
990591
990511
990501
990491
990434
990211
990204
990160
990111
989999
989909
989886
989830
989709
989668
989667
989443
989031
988946
988908
988907
988746
988726
988680
988621
988408
988102
988047
988024
987894
987817
987708
987601
987333
987272
987163
987136
987070
986876
986868
986843
986744
986627
986570
986474
986408
986199
986115
986106
985995
985983
985941
985639
985501
985375
985364
985289
985256
985167
984888
984826
984717
984601
984572
984520
984518
984495
984434
984342
984123
984047
984046
984030
983943
983925
983845
983813
983702
983681
983638
983525
983086
983014
982929
982921
982914
982744
982703
982529
982212
982186
982164
981698
981587
981568
981547
981547
981285
981284
980705
980637
980618
980591
980502
980194
979788
979624
979561
979375
979327
978855
978709
978641
978639
978590
978584
978580
978557
978542
978506
978471
978397
978364
978310
978237
977942
977798
977771
977758
977711
977669
977580
977561
977530
977511
977417
977307
977206
977076
977016
976961
976912
976896
976668
976529
976526
976366
976346
976324
976267
976265
976210
976151
976063
975993
975734
975725
975567
975514
975325
975035
974932
974921
974714
974629
974597
974592
974587
974582
974537
974472
974456
974455
974324
974263
973876
973782
973771
973553
973509
973382
973261
973036
973032
972947
972798
972774
972738
972638
972550
972461
972458
972438
972417
972346
972315
972296
972247
972221
972190
972111
972024
971976
971946
971821
971798
971796
971770
971745
971690
971672
971589
971067
971067
971065
970998
970965
970938
970883
970861
970861
970665
970583
970567
970550
970429
970324
970247
970108
970011
969674
969371
969299
969288
969180
969037
968868
968751
968416
968389
968194
968185
967855
967652
967589
967229
967110
967082
966913
966808
966734
966647
966632
966485
966412
966359
966308
966280
966250
966237
966230
966201
966076
966051
965789
965630
965496
965425
965380
965170
964985
964978
964842
964825
964568
964553
964343
964237
963673
963627
963582
963523
963456
963377
963214
963150
963067
962993
962967
962964
962773
962474
962458
962373
962265
962243
962228
962154
961438
961329
961255
961220
961171
961108
960989
960731
960613
960600
960425
960265
959988
959986
959868
959615
959614
959599
959573
959358
959104
959087
958988
958851
958816
958681
958598
958541
958506
958377
958221
958189
958132
958075
958071
957985
957767
957743
957743
957737
957680
957674
957669
957627
957513
957415
957292
957292
957093
956964
956908
956908
956847
956842
956615
956447
956314
956261
956133
956103
956079
955995
955920
955875
955775
955743
955743
955727
955604
955596
955476
955446
955382
955075
955021
954896
954883
954873
954844
954751
954487
954395
954098
954039
953967
953935
953894
953880
953804
953783
953319
953306
953263
953196
953104
953092
953091
952868
952836
952782
952760
952718
952599
952213
952179
952070
951838
951801
951784
951685
951656
951556
951437
951183
951014
950996
950712
950625
950531
950419
950343
950249
949845
949803
949736
949719
949435
949435
949412
949336
949311
949281
949260
949182
949064
948952
948937
948937
948894
948686
948520
948321
948233
947955
947864
947749
947172
947086
947024
947018
946807
946772
946753
946709
946686
946678
946622
946496
946296
946206
946144
945993
945902
945812
945640
945602
945597
945523
945506
945465
945369
945359
945115
944742
944688
944638
944633
944607
944573
944213
944179
944143
944122
944078
944052
943978
943812
943752
943719
943678
943534
943413
943164
942785
942783
942520
942388
942376
942338
942222
942197
942137
942111
941825
941598
941554
941378
941305
941165
941105
941068
940956
940885
940866
940658
940599
940555
940510
940421
940283
940194
940185
940089
939785
939734
939685
939561
939446
939307
938960
938923
938676
938512
938507
938499
938453
938296
938272
937731
937725
937662
937640
937543
937506
937367
937176
937083
936952
936866
936644
936633
936477
936443
936352
936274
936170
936118
936114
935681
935669
935550
935357
935106
935073
934657
934632
934594
934574
934495
934271
934269
934255
934200
934166
934088
934022
934004
933861
933777
933763
933739
933705
933693
933671
933307
933151
933012
933000
932870
932759
932603
932587
932562
932547
932471
932452
932256
932179
932025
931878
931742
931732
931710
931699
931647
931432
931430
931154
931092
931077
931058
930826
930664
930621
930299
930295
930237
930212
930150
930110
930093
930028
929923
929744
929727
929620
929280
929165
928986
928889
928889
928880
928815
928783
928731
928488
928420
928381
928190
928156
928044
928017
927990
927983
927874
927854
927460
927448
927228
927223
927161
927061
926976
926855
926604
926528
926338
926330
926306
926298
926253
926039
926037
925944
925869
925725
925716
925708
925614
925482
925432
925264
925165
925116
925102
924980
924966
924941
924788
924745
924622
924549
924270
924189
924141
924131
924103
924050
924034
923973
923785
923766
923668
923588
923487
923475
923249
923206
923047
923041
923003
922911
922899
922775
922768
922718
922623
922465
922266
922113
921994
921763
921530
921477
921459
921260
920945
920810
920694
920612
920383
920162
920119
920077
920067
920000
919868
919822
919783
919750
919690
919687
919461
919390
919086
918959
918754
918567
918365
918246
918022
918007
917987
917941
917924
917912
917908
917780
917762
917755
917142
917091
916942
916774
916639
916638
916633
916517
916392
916253
916164
916125
916106
916068
915917
915912
915701
915670
915587
915579
915460
915377
915289
915070
915054
914916
914806
914799
914710
914672
914469
914310
914253
914003
913743
913692
913650
913562
913424
913406
913144
913070
913048
912883
912850
912635
912533
912450
912316
912245
912051
912022
911916
911907
911810
911757
911653
911590
911567
911268
911225
911182
911178
911023
910808
910727
910634
910349
910320
910209
909891
909890
909889
909462
909302
909223
909023
908962
908946
908698
908671
908671
908565
908562
908380
908372
908071
908048
908020
907745
907665
907589
907529
907420
907330
907304
907212
907179
907118
906849
906702
906615
906193
906117
906103
906060
905834
905801
905748
905738
905677
905499
905414
905221
905104
904814
904767
904618
904429
904429
904201
903995
903884
903653
903343
903141
902930
902875
902768
902747
902602
902595
902567
902480
902427
902403
902245
902006
901950
901848
901650
901109
900934
900796
900741
900476
900224
899920
899894
899738
899554
899538
899474
899354
899297
899169
899031
898923
898786
898691
898581
898575
898368
898351
898335
898198
898145
898129
898096
898052
897980
897913
897881
897662
897492
897435
897407
897397
897384
897124
896644
896619
896573
896495
896493
896454
896143
896123
896013
895988
895978
895738
895732
895713
895630
895515
895230
894884
894614
894423
894355
894312
894293
894263
893582
893529
893270
893023
892937
892914
892786
892612
892583
892162
892056
891996
891805
891762
891533
891257
891173
891004
890951
890706
890528
890434
890426
890341
890217
890108
889900
889620
889552
889507
889477
889276
889252
889202
888956
888885
888869
888853
888760
888738
888693
888611
888577
888405
888291
888286
888226
888194
888014
887473
887456
887226
887217
887184
887138
887125
886800
886511
886501
886432
886269
886056
885987
885974
885942
885747
885581
885523
885511
885338
885152
885091
884836
884678
884616
884388
884325
884111
883968
883743
883493
883414
883356
883351
883309
883166
883057
883015
882869
882836
882763
882725
882669
882628
882620
882586
882579
882564
882547
882513
882433
882403
882279
882269
882255
882221
882121
882049
882000
881968
881942
881880
881855
881852
881756
881568
881439
881433
881346
881313
881176
881119
881074
880972
880927
880807
880382
880257
879972
879911
879864
879594
879569
879399
879354
879300
879292
878913
878790
878761
878751
878711
878677
878675
878602
878523
878506
878493
878335
878266
878212
878151
878052
878027
877874
877873
877868
877786
877686
877635
877593
877485
877474
877390
877369
877353
877086
876929
876793
876790
876475
876451
876416
876210
876114
875940
875836
875737
875721
875688
875492
875387
875299
875263
875251
875160
874943
874550
874515
874350
873906
873746
873691
873607
873568
873522
873320
873308
873090
873004
872988
872846
872699
872667
872450
872417
872350
872267
871943
871840
871752
871640
871491
871181
871109
870953
870270
870242
869972
869940
869801
869631
869364
869281
869259
869241
869195
869191
869134
869091
869042
868609
868522
868510
868449
868407
868330
868302
868271
868265
868119
868107
868048
867944
867919
867901
867876
867863
867524
867464
867379
867162
867106
867084
867038
866994
866985
866731
866664
866516
866305
866157
865981
865878
865868
865720
865668
865633
865489
865404
865379
865370
865257
865047
864996
864794
864778
864664
864418
864398
864246
864212
864207
864110
863961
863745
863726
863486
863403
863258
863217
863186
862997
862964
862957
862945
862930
862917
862796
862760
862588
862535
862437
862431
862341
862241
862070
862035
861796
861684
861464
861431
861229
861120
860764
860714
860657
860531
860525
860307
860300
860287
860091
859921
859918
859756
859733
859733
859689
859655
859607
859283
859095
859076
859042
858987
858904
858818
858780
858676
858615
858566
858524
858498
858438
858429
858379
858377
858373
858232
858081
858061
858044
858014
857959
857945
857937
857928
857860
857435
857414
857324
857242
857121
856978
856918
856897
856627
856532
856505
856488
856408
856107
856107
856032
856025
855812
855788
855719
855569
855413
855216
855209
855112
854992
854818
854805
854705
854703
854602
854529
854494
854460
854408
854373
854334
854323
854112
854086
854071
853942
853845
853792
853770
853767
853678
853559
853407
853401
853326
853271
853249
853146
852979
852935
852903
852849
852649
852539
852330
852324
852212
852201
852106
851948
851836
851829
851645
851404
851341
851327
851278
851273
851090
850909
850908
850853
850810
850804
850641
850640
850612
850601
850577
850446
850443
850033
849835
849601
849579
849231
849087
848920
848756
848557
848469
848143
848125
848102
848047
847942
847937
847936
847767
847703
847533
847520
847433
847382
847271
847034
846967
846941
846903
846787
846530
846490
846434
846351
846273
846245
846181
846030
846024
845999
845896
845691
845549
845329
845207
844984
844861
844860
844858
844756
844740
844324
844244
844223
844178
844151
844105
844016
844010
843816
843724
843661
843539
843351
843260
843138
843058
842971
842875
842754
842711
842702
842685
842649
842626
842285
842264
842033
841991
841976
841917
841844
841835
841804
841619
841462
841403
841320
841190
840839
840832
840743
840689
840378
840248
840245
840188
840122
839676
839510
839479
839369
839283
839283
838989
838969
838781
838635
838591
838457
838453
838418
838329
838219
838079
838060
837818
837811
837697
837604
837589
837513
837490
837361
837317
837135
836971
836911
836891
836862
836672
836658
836634
836600
836513
836452
836404
836220
835877
835876
835838
835705
835511
835430
835388
835180
835061
834985
834960
834950
834942
834878
834768
834718
834703
834507
834502
834502
834399
834353
834220
834043
833707
833659
833574
833520
833338
833270
833183
833119
833035
832844
832424
832231
832155
831836
831614
831568
831294
831266
831211
831185
831016
830983
830938
830849
830622
830552
830534
830520
830224
830218
830127
829937
829829
829806
829760
829562
829505
829450
829375
829369
829265
829130
829031
829011
828502
828482
828427
828362
828200
828032
827857
827477
827464
827464
827444
827408
827244
827218
827013
827009
826964
826732
826700
826693
826530
826509
826257
826137
826109
825999
825932
825764
825561
825493
825472
825461
825190
825146
825119
825039
825008
824983
824906
824897
824782
824767
824755
824533
824493
824473
824261
824255
824188
824174
824112
824038
823659
823530
823529
823428
823386
823380
823358
823348
823320
823217
823073
823062
823024
823015
823013
822816
822782
822779
822746
822602
822289
822101
822078
822075
822054
822022
821946
821926
821771
821719
821523
821255
821143
821106
820918
820862
820763
820145
820073
819915
819816
819795
819729
819644
819570
819489
819157
818992
818783
818598
818398
818389
817953
817792
817755
817699
816831
816765
816601
816282
816265
816250
816171
816147
815983
815886
815860
815791
815787
815670
815518
815387
815251
815239
815206
815071
814994
814916
814865
814751
814743
814666
814459
814392
814346
814168
814153
814057
813915
813809
813726
813625
813621
813574
813449
813233
813231
813174
813062
812807
812164
812001
811938
811528
811502
811271
811171
811089
811032
811025
811001
810892
810810
810695
810664
810571
810409
810345
810283
810060
809995
809784
809717
809594
809590
809535
809467
809410
809390
809290
809214
809161
809153
808840
808798
808765
808618
808610
808144
808122
808081
808013
807963
807907
807839
807734
807688
807515
807330
807211
807109
806978
806839
806588
806442
806092
805943
805869
805862
805769
805525
805519
805368
805336
805206
804716
804644
804556
804470
804335
804281
804252
804187
804085
804079
803998
803835
803452
803281
803245
803144
803101
803023
802741
802654
802526
802510
802494
802391
802346
802204
802137
802085
802020
801942
801569
801548
801489
801426
801399
801282
801278
801216
801121
801110
801110
800735
800521
800510
800486
800302
800174
800137
800125
800096
799786
799692
799675
799672
799618
799353
799347
799314
799208
799151
798897
798840
798833
798762
798555
798271
797871
797841
797697
797589
797375
797205
797198
796911
796694
796678
796643
796639
796356
796278
796066
796026
795853
795795
795685
795660
795533
795531
795484
795378
795307
795215
795067
794961
794938
794921
794881
794714
794706
794684
794657
794616
794562
794488
794477
794437
794395
794302
794282
794210
794117
794074
793862
793803
793716
793475
793260
793164
793068
792839
792741
792647
792644
792611
792530
792476
792381
792363
792303
792084
791784
791681
791605
791534
791483
791389
791337
791103
791003
790564
790511
790284
790143
790131
789921
789866
789847
789699
789680
789516
789499
789210
788795
788733
788697
788658
788575
788564
788311
788216
788112
788037
787983
787930
787862
787852
787780
787776
787762
787631
787629
787615
787536
787529
787489
787388
787311
787292
787137
787027
786739
786589
786532
786447
786365
786035
785956
785855
785477
785438
785323
785288
784894
784866
784863
784819
784788
784732
784672
784667
784580
784336
784246
784222
784136
783919
783901
783885
783833
783815
783706
783632
783617
783575
783449
783250
783170
782884
782829
782789
782741
782658
782652
782580
782574
782302
782281
782273
782205
782123
781962
781939
781828
781603
781527
781286
781210
781193
781191
781128
781122
781011
780979
780899
780896
780807
780510
780368
780360
780314
780261
780180
780142
779904
779705
779674
779522
779488
779475
779445
779404
779282
778773
778759
778595
778593
778386
778322
778265
778149
778113
777925
777880
777647
777507
777428
777367
777266
777228
777195
777158
777149
776978
776829
776791
776681
776671
776631
776431
776424
776393
776338
776286
776276
776235
776083
776011
775737
775602
775584
775556
775444
775359
775313
775274
774934
774853
774791
774719
774614
774548
774522
774493
774415
774289
774063
774061
774009
773970
773906
773895
773880
773618
773609
773436
773415
773379
773275
773043
773016
772948
772925
772890
772868
772778
772716
772664
772517
772426
772246
772130
772108
772086
771955
771865
771610
771536
771515
771434
771408
771116
770902
770876
770821
770482
770378
770249
770037
770033
769897
769655
769564
769525
769422
769352
769191
769072
769003
768925
768765
768764
768656
768554
768440
768205
768182
767776
767737
767722
767565
767448
767375
767325
767302
767281
767217
767187
767162
767133
766867
766825
766716
766046
765643
765590
765588
765449
765444
765430
765276
764927
764851
764736
764735
764561
764447
764081
764009
763738
763665
763662
763626
763552
763495
763406
763277
763184
763120
763062
762989
762926
762855
762845
762594
762316
761880
761708
761665
761580
761557
761534
761443
761369
761147
761061
760830
760767
760740
760736
760683
760611
760603
760545
760539
760402
760085
760022
759833
759774
759661
759528
759244
759069
758662
758585
758475
758445
758420
758384
758320
758292
758235
758149
757901
757894
757735
757567
757506
757298
757263
757237
757133
757086
756915
756898
756789
756767
756660
756368
756258
756255
756095
756025
755978
755906
755777
755010
754900
754766
754542
754406
754356
754335
754309
754194
754163
754108
754087
754074
753985
753568
753423
753347
753140
753097
752824
752651
752548
752526
752525
752459
752426
752129
752095
751940
751824
751759
751709
751596
751521
751348
751181
751155
751124
751084
750965
750790
750585
750549
750509
750425
750377
750168
750168
750022
749993
749869
749763
749439
749435
749382
749336
749227
748764
748580
748469
748452
748434
748237
748174
748118
748076
747340
747321
747257
747048
746962
746948
746924
746827
746682
746563
746557
746523
746505
746419
746411
746318
746317
746159
746086
746053
746009
745972
745904
745764
745753
745656
745475
745469
745310
745296
745236
745069
745048
744802
744768
744683
744580
744478
744406
744297
744206
744070
743997
743722
743655
743533
743411
743378
743375
743252
743207
742906
742818
742615
742591
742499
742432
742398
742287
742274
742262
742179
742090
742012
741961
741943
741918
741841
741837
741823
741785
741755
741680
741671
741665
741578
741572
741415
741407
741370
741297
741291
741217
741159
741153
741137
741105
741077
741022
740838
740808
740779
740738
740597
740597
740523
740338
740298
740132
740024
739996
739837
739734
739547
739400
739244
739193
739121
739030
738894
738865
738767
738568
738444
738435
738398
738334
738279
738163
738116
738019
737788
737645
737563
737431
737379
737362
737345
737238
737189
737139
737129
737077
737017
736997
736873
736756
736735
736639
736620
736603
736586
736523
736511
736507
736502
736464
736393
736149
735936
735926
735886
735764
735720
735651
735647
735612
735233
735123
734992
734848
734478
734356
734279
734218
734117
733977
733822
733817
733789
733715
733685
733444
733350
733059
733047
733042
732990
732909
732762
732454
732417
732409
731968
731539
731537
731412
731329
731167
731150
731125
731065
731047
731045
730753
730589
730510
730085
730054
729926
729879
729820
729796
729773
729596
729496
729424
729182
728784
728635
728593
728566
728467
728443
728346
728110
727659
727655
727562
727199
727030
727018
726987
726965
726785
726741
726702
726687
726662
726657
726654
726618
726473
726283
726168
725885
725874
725543
725304
725184
725147
725039
724847
724729
724660
724627
724514
724380
724238
724208
724046
723917
723793
723783
723674
723478
723442
723292
723266
723190
723149
723143
723138
723076
722865
722834
722725
722673
722668
722488
722441
722218
722184
722044
721762
721728
721727
721653
721572
721512
721504
721239
721041
721001
720998
720993
720923
720818
720760
720749
720670
720591
720566
720543
720512
720366
720266
719967
719691
719616
719604
719455
719449
719289
719216
719027
718877
718808
718602
718420
718273
718088
718059
717985
717655
717571
717430
717393
717370
717345
717328
717268
717199
717148
717147
717127
716917
716912
716848
716780
716385
716361
716340
716197
715888
715540
715480
715444
715171
715028
714888
714856
714835
714829
714643
714582
714557
714446
714390
714377
714309
714034
713870
713784
713778
713733
713612
713376
713277
713220
713199
713027
713009
712947
712828
712808
712700
712676
712605
712439
712431
712344
712312
712278
712234
712081
712047
712023
711732
711706
711703
711666
711522
711488
711417
711246
711089
711031
710906
710887
710882
710480
710218
710192
710090
709884
709844
709817
709616
709405
709263
709242
709239
708878
708816
708603
708569
708379
708355
708340
708286
708214
708182
707982
707947
707854
707594
707426
707271
707178
707055
707019
707004
706971
706931
706906
706738
706689
706498
706372
706038
706027
705951
705878
705592
705591
705452
705358
705339
705066
704961
704801
704783
704751
704724
704640
704607
704578
704562
704329
704118
703995
703953
703739
703680
703254
703197
703182
702903
702873
702843
702684
702616
702551
702520
702212
702170
701817
701710
701447
701389
701188
701143
701099
701084
701061
701002
700996
700981
700817
700812
700779
700751
700740
700716
700716
700676
700565
700563
700345
700215
700150
700055
699986
699926
699895
699723
699717
699373
699287
699108
699091
699047
699023
698771
698692
698570
698546
698401
698230
698087
698077
697581
697495
697426
697387
697311
697119
697095
696837
696779
696692
696675
696649
696616
696524
696482
696464
696325
696230
696174
696136
695981
695926
695843
695822
695808
695723
695549
695428
695359
695294
695264
695235
695223
695129
695120
695003
694946
694934
694930
694875
694863
694671
694660
694523
694484
694389
694365
694254
694221
694193
694192
694150
694088
694020
693973
693404
693064
693055
693030
692979
692938
692863
692609
692588
692581
692568
692565
692375
692313
692230
692196
692196
692003
691949
691948
691902
691893
691863
691798
691637
691488
691446
691037
690736
690508
690460
690431
690350
690236
690155
690079
690047
689962
689754
689548
689436
689363
689324
689280
689175
688993
688905
688644
688561
688347
688255
688018
687941
687913
687788
687666
687601
687577
687493
687352
687327
687234
687202
687180
687147
687093
687032
686944
686943
686870
686844
686735
686465
686393
686178
686148
686116
686022
686019
686002
686001
685753
685465
685383
685289
685013
684942
684823
684755
684679
684270
684229
684194
684189
684139
683758
683727
683631
683599
683497
683411
683341
683254
683233
683149
683140
683025
682995
682987
682941
682743
682726
682706
682691
682644
682624
682481
682472
682419
682255
682164
682056
681885
681685
681567
681186
681127
680984
680908
680818
680785
680752
680741
680495
680225
680210
680148
680080
679973
679949
679907
679425
679298
679267
679097
679029
678844
678431
678400
678291
677890
677719
677697
677651
677634
677464
677462
677444
677436
677377
677361
677258
677245
677231
676981
676858
676732
676667
676616
676546
676473
676372
676263
676094
676067
675999
675924
675895
675852
675755
675689
675475
675354
675279
675243
675156
674869
674854
674801
674754
674657
674547
674529
674494
674269
673936
673785
673780
673708
673551
673507
673496
673451
673337
672896
672896
672861
672801
672599
672562
672546
672518
672491
672487
672200
671970
671940
671893
671780
671770
671614
671520
671445
671337
671147
671055
671007
670909
670855
670810
670758
670737
670637
670475
670244
670113
669736
669524
669319
669197
669192
669165
668843
668825
668710
668558
668495
668440
668144
668090
668058
668029
667945
667925
667849
667818
667583
667363
667348
667285
667247
666847
666751
666442
666142
666048
665854
665837
665704
665575
665513
665408
665338
665327
665253
665072
664983
664860
664797
664747
664644
664607
664363
664309
664245
664178
664176
664161
664096
664051
663751
663686
663408
662983
662947
662844
662552
662543
662453
662342
662285
662203
662133
662070
662060
662037
661772
661759
661726
661640
661636
661623
661514
661430
661414
661400
661372
661287
661216
661198
661191
661146
661078
661070
660883
660838
660752
660679
660679
660525
660462
660425
660383
660365
660114
660068
660049
659802
659799
659528
659442
659425
659369
659029
658961
658874
658754
658627
658588
658573
658314
658268
658016
658007
657914
657835
657488
657221
656702
656700
656664
656638
656575
656542
656287
656139
656130
656080
655945
655796
655695
655624
655504
655342
655061
655044
654804
654694
654548
654415
654402
654377
654373
654312
654175
653852
653751
653634
653589
653553
653464
653351
653346
653324
653282
653191
653142
653109
653086
653000
652953
652651
652563
652541
652422
652391
652288
652067
651990
651974
651714
651588
651544
651419
651350
651267
651211
650867
650771
650726
650723
650723
650715
650662
650620
650504
650403
650314
650302
650129
650127
650089
649907
649873
649807
649726
649252
649240
649228
649055
648737
648679
648574
648556
648486
648440
648395
648388
648377
648298
648240
648231
648199
647779
647565
647538
647266
646999
646990
646584
646469
646344
646232
646212
646152
646092
645935
645841
645815
645766
645663
645511
645502
645487
645345
645329
645091
645042
644873
644710
644598
644560
644549
644398
644325
644279
644222
644164
644027
643766
643678
643646
643591
643479
643417
643268
643261
643146
643070
642916
642811
642504
642290
642269
642183
642036
641889
641867
641747
641742
641550
641269
641098
641015
640855
640829
640801
640768
640732
640617
640592
640504
640370
640359
640285
640211
640150
640125
640061
639945
639835
639755
639723
639611
639568
639390
639388
639353
639299
639266
639259
639026
638996
638823
638802
638580
638282
638109
637980
637864
637810
637706
637620
637602
637438
637344
637214
637194
637030
636969
636798
636791
636748
636546
636538
636529
636352
636340
636165
636162
635948
635789
635651
635623
635614
635521
635469
635229
635118
635077
635027
634580
634518
634379
634360
634252
634136
633934
633918
633336
633324
633306
633224
633042
632930
632895
632759
632663
632640
632442
632405
632340
632272
632174
632092
632061
632044
632009
631862
631752
631588
631470
631289
631181
631162
631081
631032
630938
630901
630609
630569
630568
630369
630194
630137
630017
629978
629927
629869
629696
629690
629618
629588
629542
629483
629464
629321
629271
629191
629167
629150
629082
628842
628778
628730
628323
628294
628154
628122
628105
628104
628100
627995
627923
627922
627917
627855
627830
627748
627704
627686
627611
627595
627525
627179
627139
626833
626802
626676
626471
626173
626135
626052
625875
625849
625843
625754
625579
625548
625506
625366
625282
625180
624974
624971
624506
624465
624311
624240
623961
623959
623947
623935
623895
623880
623751
623520
623426
623402
623321
623307
623118
623116
623112
623110
622864
622493
622316
622286
622281
622185
622063
622034
621965
621932
621859
621432
621421
621088
620919
620686
620605
620582
620537
620364
620270
620227
620053
619983
619802
619628
619235
618938
618839
618822
618763
618707
618697
618512
618484
618368
618357
618059
617969
617748
617622
617561
617519
617464
617394
617130
617111
617088
617071
617042
617027
617013
617001
616801
616562
616353
616185
616111
616036
615904
615794
615762
615708
615694
615615
615563
615561
615347
615193
615036
614955
614926
614857
614855
614796
614765
614589
614479
614446
614358
614295
614114
614063
613835
613782
613727
613703
613701
613649
613439
613293
613183
613097
613069
612747
612582
612501
612434
612345
612108
612089
611942
611825
611773
611548
611520
611307
611184
611179
611006
610947
610832
610777
610671
610662
610646
610584
610583
610569
610533
610328
610259
610141
610047
610000
609886
609877
609845
609553
609491
609387
609345
609207
609004
608985
608785
608610
608575
608561
608487
608391
608331
608215
607936
607931
607832
607653
607499
607036
606850
606849
606783
606772
606719
606655
606615
606487
606378
606292
606239
606213
606196
605933
605867
605639
605425
605261
605206
605161
605102
605046
605030
604911
604902
604666
604458
604198
604157
604030
604001
603995
603942
603582
603286
603282
603031
602897
602848
602839
602669
602399
602346
602248
602197
602160
601506
601248
601178
601171
601167
601036
601019
600995
600974
600907
600843
600627
600609
600440
600245
600188
600139
600134
600006
599824
599806
599784
599686
599610
599408
599349
599287
599218
599164
599149
598968
598901
598738
598628
598610
598529
598497
598398
598304
598067
598007
597940
597781
597691
597679
597542
597403
597323
597285
597284
597213
597122
597054
596955
596936
596852
596771
596530
596143
596084
595998
595974
595971
595943
595885
595801
595692
595527
595451
595447
595427
595312
595235
595227
595203
594451
594403
594395
594393
594320
594297
594188
594080
594042
593935
593721
593690
593534
593437
593310
593302
593286
593215
593215
593210
593035
592868
592712
592617
592531
592454
592452
592404
591986
591972
591916
591778
591756
591654
591593
591413
591295
591112
590938
590557
590554
590474
590331
590127
589989
589733
589667
589661
589618
589557
589452
589347
589279
589231
589066
588924
588808
588583
588546
588496
588491
588459
588389
588006
587885
587850
587583
587549
587493
587198
587172
586602
586499
586468
586454
586250
586212
586123
586035
586025
586019
585978
585945
585885
585699
585676
585663
585590
585422
585413
585312
585302
585261
585158
585151
585023
584996
584930
584901
584886
584764
584746
584558
584387
584382
584197
583741
583686
583627
583468
583305
583109
582979
582918
582904
582843
582842
582801
582752
582618
582577
582394
582364
582338
582304
582250
582165
581993
581872
581842
581684
581585
581531
581419
581342
581325
581279
581033
580966
580934
580840
580693
580689
580680
580563
580519
580453
580452
580431
580411
580371
580343
580332
580332
580205
580023
579866
579460
579273
579122
578922
578779
578621
578610
578561
578379
578283
578236
578204
578091
577961
577950
577912
577878
577868
577799
577695
577661
577595
577560
577555
577546
577509
577471
577308
577228
577226
577032
577000
576978
576877
576658
576431
576400
576302
576167
575825
575779
575718
575718
575633
575540
575527
575455
575264
575253
575179
574809
574761
574565
574550
574504
574459
574242
573717
573499
573382
573288
573176
573121
572938
572930
572868
572752
572655
572577
572570
572444
572406
572343
572270
572133
572118
572018
571878
571831
571795
571766
571449
571422
571340
571241
571230
571020
570938
570648
570428
570356
570186
570124
570065
569983
569902
569654
569322
569281
569202
569065
569042
569021
568976
568962
568952
568877
568759
568612
568601
568546
568510
568405
568118
568088
567894
567882
567813
567548
567494
567180
567061
566911
566557
566545
566423
566045
565985
565940
565864
565476
565349
565335
565319
565255
565177
564985
564439
564372
564315
564286
564201
564189
564085
564015
563927
563919
563855
563770
563711
563332
563225
562812
562527
562382
562309
562048
561893
561867
561744
561672
561647
561644
561589
561516
561478
561311
561132
561079
560774
560713
560586
560447
560361
560236
560186
560164
560024
559670
559665
559540
559499
559295
559213
559071
559053
559025
559024
558889
558885
558881
558812
558770
558701
558553
558541
558535
558530
558513
558294
558067
557933
557929
557919
557819
557742
557584
557565
557554
557414
557339
557281
557240
557216
557190
557161
557112
557017
556932
556767
556743
556585
556584
556582
556237
556205
556139
555978
555707
555693
555605
555553
555520
555505
555426
555023
554893
554671
554548
554544
554507
554495
554406
554397
554378
554357
554093
554088
554049
554001
553959
553769
553683
553555
553360
553211
553192
553066
552944
552928
552817
552797
552728
552548
552524
552432
552429
552348
552293
552023
551982
551973
551888
551647
551535
551464
551299
551276
551201
551012
550995
550806
550385
550384
550235
550227
550184
550131
550073
550068
550025
550010
549971
549941
549935
549927
549796
549773
549594
549590
549575
549477
549111
549010
548887
548562
548520
548441
548408
548246
548137
548115
548112
548028
548001
547862
547855
547842
547788
547745
547646
547314
547227
546952
546818
546572
546553
546465
546375
546347
546318
546294
546251
546052
545893
545836
545592
545327
545203
545058
545041
544996
544923
544922
544712
544672
544527
544473
544321
544165
543894
543798
543734
543673
543550
543543
543540
543539
543434
543335
543332
543220
543164
543142
543089
542955
542932
542850
542837
542733
542709
542569
542344
542272
542192
542186
542042
541633
541561
541499
541493
541280
541229
541118
541097
541063
541001
540928
540827
540765
540682
540570
540474
540383
540382
540300
540294
540261
540079
539995
539937
539903
539862
539778
539734
539699
539676
539568
539509
539314
539294
539186
539093
539059
538844
538817
538779
538726
538688
538622
538500
538101
537927
537920
537786
537697
537660
537323
537322
537312
537148
537126
537105
537074
536592
536555
536371
536210
536186
535968
535881
535720
535493
535473
535439
535176
535170
535077
535021
534994
534967
534834
534722
534515
534461
534396
534342
534122
533826
533700
533600
533395
532855
532838
532599
532385
532350
532349
532271
532118
531930
531829
531734
531656
531626
531345
531332
531260
531062
531019
530991
530957
530713
530573
530571
530254
530056
529830
529800
529742
529550
529546
529453
529417
529407
529298
529248
529203
529093
529087
529084
528971
528945
528902
528697
528675
528513
528406
528328
528328
528312
528152
527916
527766
527741
527661
527638
527489
527409
527266
527241
527158
526895
526857
526843
526702
526614
526379
526149
526125
526031
525927
525704
525644
525391
525300
525299
525273
525235
525143
525107
525079
525043
525026
524950
524901
524890
524745
524647
524641
524555
524512
524488
524424
524344
524153
524129
524122
524078
523857
523846
523610
523533
523435
523407
523397
523334
523320
523279
523204
522910
522905
522763
522748
522664
522483
522426
522372
522342
522293
522229
522212
522165
522053
521864
521801
521746
521320
521205
521069
520799
520544
520539
520480
520408
520399
520241
520136
520114
520065
520040
520036
520013
519802
519733
519719
519707
519475
519460
519272
519095
518990
518902
518801
518724
518318
518085
517943
517751
517713
517708
517687
517578
517402
517276
517256
517075
517068
517027
516999
516945
516717
516678
516667
516405
516392
516365
516289
516065
516013
515997
515958
515310
515213
515038
514938
514846
514757
514338
513886
513792
513748
513724
513686
513641
513593
513581
513494
513423
513169
513098
512887
512800
512755
512686
512643
512512
512475
512440
512432
512399
512384
512222
512182
512084
512032
511824
511733
511261
511257
511244
511241
511231
511229
511202
511084
511071
511040
511033
511000
510953
510686
510638
510557
510500
510452
510447
510361
510341
510328
510305
510210
510206
510100
510095
510020
509962
509811
509756
509662
509503
509491
509414
509392
509136
509099
509003
509002
508886
508824
508564
508552
508543
508514
508422
508247
508205
507964
507921
507803
507763
507735
507504
507492
507344
507236
506856
506844
506725
506717
506559
506552
506436
506337
506246
506201
506090
506053
506052
505959
505885
505691
505639
505634
505613
505468
505273
505216
504940
504852
504708
504616
504497
504444
504411
504375
504239
504190
504154
504070
504042
503784
503738
503669
503559
503511
503194
503005
502931
502687
502525
502493
502299
502209
502063
501762
501712
501540
501340
501235
501088
501072
501062
500912
500860
500824
500721
500687
500649
500622
500425
500385
500351
500295
500218
500135
499991
499889
499755
499704
499591
499494
499319
499273
499246
499240
499226
499114
499037
498997
498971
498798
498785
498718
498662
498551
498510
498403
498319
498174
498065
497852
497837
497755
497529
497335
497135
497119
497097
497097
497090
497033
497025
496968
496826
496717
496566
496544
495950
495941
495840
495787
495697
495669
495603
495522
495428
495286
495265
495176
495108
495043
495015
494876
494873
494804
494347
494315
494228
494129
494060
493911
493866
493673
493645
493377
493039
493022
492920
492891
492860
492808
492581
492128
491941
491940
491909
491900
491630
491530
491391
491274
491146
491090
491047
491002
490994
490941
490723
490434
490371
490301
490237
490153
489970
489957
489856
489812
489644
489515
489515
489390
489370
489364
488967
488692
488681
488323
488317
488271
488238
488156
488059
487970
487957
487836
487817
487643
487602
487561
487541
487468
487406
487347
487139
486969
486834
486812
486680
486614
486587
486270
486226
486129
485964
485888
485819
485451
485396
485394
485143
485035
485012
484858
484774
484750
484505
484414
484397
484343
484262
484258
484199
484115
484073
484073
484053
483882
483732
483501
483484
483307
483076
483070
483066
483020
482961
482802
482768
482760
482531
482520
482468
482441
482413
482324
482265
482001
481913
481685
481651
481647
481642
481462
481313
481248
481118
481114
481106
481105
481096
480987
480892
480841
480698
480543
480535
480501
480365
480349
480160
480137
480103
479963
479586
479372
479338
479279
479249
479188
479157
479144
478920
478687
478660
478591
478466
478417
478236
478153
478040
477985
477966
477872
477837
477822
477626
477611
477590
477546
477304
477296
477289
477282
477149
477109
477020
477001
476919
476873
476833
476686
476407
476361
476344
476325
476250
476171
475984
475695
475617
475436
475286
475182
475031
474975
474651
474637
474593
474534
474528
473883
473743
473714
473678
473652
473622
473617
473600
473591
473507
473461
473426
473275
473205
473188
473151
472759
472675
472584
472500
472461
472357
472232
472168
472126
472120
472034
472014
471935
471920
471835
471832
471396
471309
471308
471226
471026
470838
470794
470744
470681
470553
470533
470436
470377
470364
470287
470063
469927
469611
469595
469556
469526
469443
469282
469250
469207
469192
469082
469005
468929
468891
468820
468637
468539
468296
468167
468148
468013
467949
467875
467801
467430
467264
467254
467100
467052
467021
467000
466986
466946
466908
466753
466556
466407
466108
466076
466014
465982
465907
465792
465766
465733
465705
465654
465613
465599
465599
465502
465402
465329
465277
465257
465214
465202
465186
465173
465041
464938
464725
464703
464694
464664
464340
464324
464221
463993
463951
463836
463829
463781
463775
463757
463733
463713
463688
463687
463600
463551
463361
463307
463301
463138
463045
462991
462928
462913
462857
462826
462771
462685
462570
462221
462205
462176
462163
462043
461947
461941
461791
461771
461694
461518
461400
461273
460994
460770
460763
460737
460588
460564
460213
460069
459916
459796
459716
459682
459622
459411
459401
459294
459240
459098
458980
458877
458744
458725
458522
458477
458296
458269
458219
458151
458107
458095
457836
457794
457686
457617
457601
457583
457447
457437
457287
457252
457148
457134
457025
456925
456845
456693
456631
456579
455906
455625
455325
455113
454920
454859
454629
454535
454456
454404
454328
453828
453319
453289
453235
453130
453096
453082
452912
452856
452813
452723
452520
452417
452350
452320
452113
451757
451683
451617
451606
451552
451522
451520
451436
451372
451230
451214
451205
451132
451023
450982
450955
450821
450767
450472
450031
449914
449827
449767
449719
449652
449504
449442
449437
449322
449318
449192
449031
448990
448972
448859
448852
448693
448678
448368
448296
448159
448152
447982
447716
447700
447694
447383
447166
447142
447054
447007
447006
446935
446931
446734
446641
446623
446594
446500
446299
446262
446251
446229
446095
445937
445895
445795
445729
445665
445279
445237
445221
445221
445057
444893
444867
444803
444683
444365
444270
444123
443955
443814
443743
443690
443668
443541
443390
443368
443349
443192
442904
442902
442788
442740
442730
442723
442664
442573
442499
442308
442241
441924
441847
441729
441658
441615
441565
441476
441444
441170
441117
440709
440605
440591
440549
440399
440326
440185
440180
440083
439998
439914
439625
439457
439418
439351
439234
439159
439079
438977
438589
438344
438335
438215
438185
438134
437834
437810
437640
437636
437631
437512
437389
437346
437342
437332
437297
437286
436942
436889
436869
436820
436817
436744
436615
436573
436523
436360
436182
436178
435923
435857
435850
435684
435556
435128
435093
435051
434977
434934
434734
434680
434568
434557
434065
433564
433472
433388
433283
433273
433249
432913
432765
432711
432687
432629
432616
432519
432463
432436
432387
432329
432296
432051
432003
431984
431927
431880
431784
431783
431756
431601
431579
431533
431481
431446
431381
431329
431204
431129
431122
430898
430743
430334
430169
430126
430048
429907
429787
429704
429697
429623
429617
429606
429567
429448
429419
429410
429287
429205
429040
429028
428542
428528
428377
428310
428285
428266
428251
428095
428093
428019
427686
427384
427328
427321
427306
427147
427001
426911
426678
426583
426394
425921
425911
425711
425699
425639
425593
425556
425350
425074
425038
424684
424643
424499
424339
424323
424301
424292
424289
424135
424093
424025
423989
423602
423409
423381
423111
422571
422352
422211
422211
422082
421993
421967
421869
421845
421837
421774
421696
421660
421639
421516
421287
421106
421041
420984
420878
420686
420624
420589
420561
420521
420395
420381
420288
420241
420230
420156
420150
420125
420041
420027
420018
419925
419729
419656
419578
419480
419427
419282
419152
419070
418930
418778
418645
418630
418618
418450
418403
418369
418320
418170
418153
417810
417745
417743
417632
417551
417547
417349
417004
416988
416965
416929
416911
416764
416516
416512
416236
416234
416228
415949
415891
415691
415512
415507
415501
415271
415226
415053
414985
414935
414909
414904
414898
414860
414796
414740
414688
414676
414660
414547
414363
414042
414021
413911
413762
413733
413726
413705
413685
413623
413573
413483
413440
413412
413387
413284
413227
413197
413194
413184
413103
412968
412912
412910
412778
412776
412149
412096
412032
411939
411859
411752
411025
410880
410861
410687
410559
410557
410440
410402
410357
410295
410078
410053
410032
409999
409969
409847
409767
409677
409557
409483
409481
409401
409387
409313
409305
409279
409244
409213
409172
409139
409063
408994
408992
408863
408480
408397
408290
408227
407956
407803
407528
407316
407309
407166
407130
407094
406929
406888
406787
406759
406568
406415
406392
406058
405941
405935
405883
405668
405469
405395
405169
405143
405045
404994
404930
404862
404705
404662
404581
404577
404502
404498
404383
404280
404163
403759
403717
403694
403634
403623
403549
403538
403531
403526
403181
403021
402760
402724
402673
402601
402484
402461
402251
402163
402146
402124
401914
401857
401852
401753
401533
401497
401422
401419
401297
401108
401096
400994
400946
400930
400821
400751
400740
400380
399988
399980
399867
399866
399807
399776
399679
399606
399527
399505
399504
399481
399277
399216
399208
399193
398920
398776
398771
398602
398567
398455
398427
398396
398342
398242
398108
398092
398063
397968
397922
397913
397699
397460
397427
397362
396842
396743
396658
396263
396073
396052
395895
395826
395821
395754
395725
395618
395509
395231
395226
394977
394631
394060
393449
393407
393405
393216
393215
393153
392903
392836
392580
392549
392495
392464
392355
392027
392024
392022
391830
391662
391402
391324
391217
391194
391152
390989
390985
390704
390635
390429
390293
390200
390129
390075
389900
389871
389693
389680
389556
389542
389481
389284
389276
389264
389135
388967
388677
388603
388411
388326
388271
388094
387933
387911
387897
387876
387783
387702
387549
387545
387470
387271
387239
386984
386773
386740
386500
386370
386319
386294
386241
386220
386150
386041
385939
385658
385419
385335
385325
385265
385260
385190
385165
385074
385018
384771
384666
384623
384508
384385
384340
384281
384276
384095
384039
384027
383986
383928
383905
383862
383802
383738
383601
383427
383382
383321
383203
383158
382889
382852
382811
382750
382693
382454
382453
382352
382316
382177
381913
381764
381623
381376
381263
381175
381112
381023
381000
380707
380598
380563
380504
380371
380231
380224
380177
379932
379919
379535
379169
379005
378973
378915
378861
378802
378765
378755
378698
378676
378410
378400
378395
378382
378264
378128
378025
377952
377901
377800
377751
377598
377565
377490
377430
377374
377367
377198
377018
376860
376734
376542
376497
376300
376297
376258
376215
376034
376011
375916
375770
375640
375597
375593
375588
375537
375422
375179
375111
375098
374855
374843
374439
374392
374360
374345
374289
374175
374175
374129
374121
374108
374020
373985
373923
373643
373642
373598
373446
373432
373326
373233
373229
373117
373112
373070
373025
372947
372935
372785
372761
372735
372732
372719
372710
372593
372413
372124
372113
371928
371925
371869
371865
371859
371851
371846
371694
371146
371064
371048
370993
370900
370832
370814
370701
370696
370465
370424
370256
370215
370097
370019
370012
369560
369533
369516
369514
369427
369378
369355
369239
369112
369016
368995
368933
368933
368896
368828
368810
368758
368727
368457
368415
368156
368145
368141
367895
367893
367856
367566
367553
367420
367413
367226
367073
366936
366909
366785
366691
366620
366589
366579
366388
366267
366106
366069
366044
366002
365992
365870
365770
365683
365654
365541
365532
365362
365256
365245
365209
365164
365143
365042
364899
364883
364638
364556
364469
363701
363592
363465
363405
363244
363219
363192
363040
362978
362964
362948
362897
362691
362634
362417
362370
362115
362063
362028
361994
361869
361647
361362
361348
361323
361250
361170
361138
361076
361051
361028
361018
360981
360844
360806
360733
360718
360698
360561
360556
360512
360343
360306
360033
359971
359835
359835
359623
359586
359491
359460
359450
359380
359351
359253
359223
359051
359050
358896
358878
358832
358829
358788
358003
357983
357932
357749
357652
357647
357628
357558
357497
357387
357378
357262
357197
357137
357100
357020
357011
356991
356906
356807
356770
356626
356617
356531
356196
356037
355965
355843
355797
355748
355114
355070
355003
354884
354800
354787
354660
354652
354320
354314
354305
353930
353844
353815
353697
353692
353616
353608
353566
353471
353423
353326
353294
353204
353080
352935
352853
352831
352801
352742
352246
351893
351865
351819
351808
351692
351630
351611
351477
351295
351128
351116
350914
350808
350654
350549
350440
350394
350378
350350
350280
350174
350008
349921
349897
349814
349512
349411
349359
349287
349186
349172
349098
348991
348804
348793
348632
348286
348222
348133
348115
347917
347739
347643
347532
347516
347407
347306
347178
347141
347141
347106
346593
346453
346378
345942
345921
345893
345868
345776
345696
345639
345165
345032
344993
344730
344711
344662
344646
344563
344519
344234
344186
343950
343810
343773
343736
343688
343529
343529
343524
343458
343290
343195
343169
343146
343062
343003
342652
342389
342372
342166
341919
341749
341443
341200
341162
341090
341070
341066
340935
340752
340736
340548
340317
340136
340111
340023
339954
339944
339866
339694
339679
339536
339477
339474
339297
339288
339238
339049
338970
338872
338764
338385
338376
338373
338334
338285
338262
338217
338092
337977
337958
337854
337824
337803
337674
337667
337344
337101
337029
337010
336975
336824
336704
336576
336453
336426
336416
336382
336351
336240
336158
336144
335949
335942
335860
335553
335353
335163
335111
334898
334895
334849
334780
334777
334234
334020
333383
333334
333284
333199
333149
332914
332849
332804
332740
332594
332499
332169
332104
332093
332078
331831
331690
331469
331398
331312
331141
331119
330908
330813
330705
330460
330455
330401
330293
330268
330219
329967
329866
329550
329482
329259
329154
329007
328942
328759
328442
328383
328314
328042
328000
327914
327899
327828
327761
327731
327721
327711
327649
327371
327085
327031
327020
326943
326841
326709
326059
326027
325554
325447
325408
325294
325283
325250
325217
325135
325085
324943
324936
324864
324817
324816
324713
324658
324582
324553
324407
324356
324334
324281
324253
324158
324042
323873
323667
323661
323660
323647
323615
323606
323601
323387
323386
323207
323156
323071
322924
322878
322682
322652
322644
322556
322393
322378
322264
321930
321861
321730
321660
321611
321599
321439
321356
321159
320984
320731
320647
320615
320583
320463
320461
320334
320291
320231
319995
319949
319930
319838
319806
319745
319727
319696
319418
319144
318959
318948
318901
318890
318811
318715
318434
318309
318105
318081
318014
317703
317684
317579
317379
317229
317193
316833
316605
316503
316471
316063
316046
315989
315738
315727
315530
315497
315420
315418
315375
315212
315157
314946
314760
314654
314493
314447
314327
314179
314083
314001
313967
313812
313762
313680
313576
313518
313373
313266
313239
313073
312940
312562
312472
312445
312081
312023
311968
311751
311679
311670
311604
311594
311592
311551
311432
311373
311296
311243
311214
311124
311079
310876
310766
310747
310711
310402
310296
310278
310218
310013
309942
309772
309689
309676
309606
309597
309592
309525
309324
309281
309222
309206
309051
308667
308576
308545
308530
308432
308389
308293
308244
308152
308119
307971
307953
307903
307874
307556
307538
307535
307241
307197
307158
307128
307076
307042
306889
306881
306808
306806
306700
306698
306645
306569
306387
306233
306217
306196
306170
306061
306033
305942
305920
305844
305757
305751
305712
305615
305571
305543
305521
305431
305407
305271
305156
304960
304930
304761
304702
304674
304658
304554
304474
304440
304236
304223
304121
304056
303985
303780
303775
303584
303515
303502
303481
303450
303388
303387
303335
303228
303203
303066
303014
303008
302990
302916
302889
302766
302760
302720
302313
302305
302278
302268
302171
302054
301620
301475
301357
301030
300910
300821
300751
300653
300629
299849
299605
299410
299373
299274
299155
299103
298672
298594
298437
298289
298266
298013
297988
297971
297550
297508
297477
297426
297224
297199
297133
296513
296050
296010
295974
295737
295719
295718
295692
295678
295657
295616
295525
295440
295436
295294
295215
295159
294988
294986
294869
294513
294486
294368
294338
294338
294256
294189
294139
294025
294021
293849
293375
293341
293272
293131
293006
292889
292879
292768
292737
292655
292654
292651
292548
292534
292504
292405
292046
291916
291618
291534
291379
291353
291179
291059
290989
290817
290811
290723
290666
290662
290646
290592
290531
290482
290427
289996
289984
289918
289914
289804
289742
289696
289588
289557
289326
289200
288957
288927
288884
288681
288660
288526
288510
288375
288060
288029
287978
287965
287948
287913
287855
287778
287564
287477
287372
287274
287126
286960
286447
286387
286351
286326
286194
285915
285832
285741
285695
285660
285654
285462
285408
285244
285192
285076
284993
284925
284875
284834
284790
284776
284723
284696
284532
284441
284406
284135
284110
284035
283992
283975
283915
283612
283573
283462
283446
283330
283307
283280
283131
283042
283022
282979
282836
282662
282604
282537
282474
282377
282352
282181
282007
281936
281444
281381
281284
281145
280947
280723
280641
280442
280389
280353
280233
280222
280201
280102
279989
279827
279771
279657
279428
279370
279238
279139
278784
278625
278607
278486
278440
278362
278354
277965
277693
277621
277472
277345
277322
277322
277302
277296
277247
277245
277228
277041
277034
276780
276700
276662
276608
276446
276445
276356
276129
275145
274981
274882
274659
274605
274579
274403
274394
274277
274220
274048
273976
273942
273828
273810
273758
273465
273186
273113
273105
273069
272801
272790
272549
272447
272417
272181
272098
272032
271865
271747
271710
271685
271659
271630
271466
271410
270973
270877
270827
270803
270524
270470
270399
270373
270343
270250
269902
269779
269672
269590
269504
269492
269389
269368
269256
269225
269139
269088
268948
268913
268897
268810
268667
268488
268452
268288
268152
268090
267992
267967
267816
267344
267297
267254
267012
266955
266782
266769
266624
266620
266504
266466
266385
266345
266258
266189
266019
265971
265851
265830
265677
265618
265373
265354
265283
265275
265228
265208
265104
264800
264553
264440
264283
264148
263906
263887
263640
263118
263086
263078
262987
262960
262936
262772
262751
262710
262706
262624
262236
262127
262001
261975
261919
261884
261828
261758
261742
261724
261651
261387
261233
261071
261063
261004
260496
260473
260460
260192
260185
260182
259857
259472
259432
259370
259366
259302
258891
258843
258823
258724
258652
258497
258477
258465
258378
258341
258328
258261
258257
258083
258066
257952
257596
257514
257481
257296
257143
256618
256612
256569
256566
256502
256460
256382
256377
256295
256282
255608
255430
255244
255217
255075
254946
254920
254916
254731
254671
254548
254547
254353
254170
254099
253804
253604
253551
253476
253465
253402
253212
253081
253061
252819
252694
252685
252424
252273
252271
252252
252159
252072
252063
252044
251985
251946
251888
251670
251584
251521
251457
251249
251178
251135
251045
250824
250799
250763
250556
250404
250369
250328
250319
250281
250231
249991
249835
249834
249685
249582
249480
249333
249282
249187
249158
249090
249028
248844
248733
248713
248644
248575
248555
248385
248383
248329
248328
247884
247801
247776
247763
247747
247732
247626
247470
247278
247248
247233
247226
247177
247138
247109
246823
246702
246647
246530
246459
246029
245918
245858
245533
245317
245237
245192
245170
244976
244937
244924
244797
244734
244509
244472
244395
244383
244371
244306
244092
243913
243684
243618
243578
243545
243464
243034
242949
242780
242570
242444
242290
242279
242160
241940
241659
241597
241557
241514
241412
241223
241197
241048
240923
240790
240769
240760
240708
240634
240354
240347
240295
239941
239889
239836
239807
239682
239664
239487
239311
239309
239167
238963
238799
238601
238429
238390
238062
237923
237859
237778
237697
237672
237622
237573
237527
237384
237337
237211
237185
237057
236931
236745
236744
236436
236354
236207
236063
235934
235517
235499
235354
235274
235086
235070
235008
234881
234872
234774
234602
234492
234339
234230
234214
234143
234095
234073
233964
233960
233920
233817
233648
233629
233169
233121
233072
233022
232830
232800
232757
232675
232654
232449
232409
232275
232230
232112
232060
231848
231633
231561
231460
231458
231447
231445
231388
231386
231351
231236
231200
230894
230887
230717
230471
230273
230239
230110
229905
229797
229765
229727
229626
229485
229190
229118
229116
228971
228929
228825
228718
228651
228334
228274
228199
228172
228167
228109
227879
227878
227857
227684
227525
227518
227336
227259
227081
226930
226866
226865
226739
226689
226678
226585
226415
226398
226352
226045
225827
225801
225796
225729
225649
225611
225583
225406
225389
225365
225160
225152
225053
224864
224857
224742
224664
224629
224603
224554
224505
224375
224304
224277
224218
224188
224132
224083
224020
223838
223815
223744
223732
223731
223674
223557
223557
223553
223520
223468
223407
223333
223134
223023
223013
223011
222981
222927
222872
222287
222017
221948
221884
221831
221828
221699
221654
221639
221581
221312
221236
221224
221157
221045
220879
220765
220750
220718
220537
220531
220508
220440
220395
220377
220296
220264
220058
220026
219994
219924
219877
219846
219763
219723
219712
219584
219486
219303
219293
219169
219161
219074
218964
218942
218832
218810
218627
218527
218497
218488
218369
218212
218133
218084
217953
217824
217774
217471
217135
216909
216811
216582
216352
216337
216143
216030
215904
215831
215501
215242
215071
215003
214816
214368
214309
214300
213967
213935
213898
213742
213680
213611
213457
213406
213384
213209
213141
213032
213018
212964
212962
212914
212883
212688
212555
212452
212349
212259
212233
211710
211349
211337
211217
211111
211080
210924
210757
210693
210628
210613
210603
210566
210528
210514
210245
210112
209878
209666
209630
209330
209265
209241
209240
209231
209177
209148
209096
209053
208872
208818
208741
208461
208437
208363
208342
208311
208252
208234
208169
208148
208033
207987
207978
207956
207734
207683
207550
207538
207458
207375
207312
207286
207123
207114
207104
206985
206974
206904
206875
206668
206655
206595
206567
206433
206417
206325
206301
206271
206242
206195
206154
206137
206101
206015
206006
205977
205904
205798
205783
205518
205462
205445
205287
204910
204902
204490
204468
204329
204157
203999
203966
203872
203824
203809
203683
203523
203399
203391
203359
203233
203102
203053
203018
202825
202816
202627
202320
202215
202187
202112
202074
202055
201985
201892
201795
201721
201634
201485
201457
201329
201254
201220
201144
200959
200871
200516
200479
200426
200418
200328
200282
200271
200202
199957
199943
199649
199623
199436
199289
199272
199049
199041
198850
198710
198683
198669
198648
198625
198461
198377
198374
198251
197868
197669
197639
197568
197546
197505
197375
197157
197130
197107
196835
196796
196781
196606
196490
196463
196372
196344
196267
196200
196117
196002
195995
195774
195706
195621
195515
195490
195489
195482
195394
195103
195102
195052
194877
194470
194277
193893
193767
193618
193374
193319
193220
193187
193138
193113
192891
192793
192685
192654
192641
192637
192574
192504
192370
192332
192229
192186
192158
192075
192024
191994
191951
191935
191861
191656
191594
191564
191545
191378
191373
191357
191270
191221
191218
191200
191157
191082
190931
190920
190743
190712
190711
190701
190589
190550
190542
190423
190193
190084
189935
189928
189850
189809
189704
189696
189614
189569
189397
189341
189312
189308
189120
189096
189084
189014
189008
188999
188991
188889
188799
188794
188362
188254
188210
188139
188053
187880
187751
187640
187541
187536
187520
187287
187177
187049
187000
186662
186593
186239
186181
186177
186138
186098
185963
185946
185919
185900
185761
185604
185595
185579
185485
185326
185312
185310
185235
185088
185065
184917
184907
184806
184631
184561
184483
184254
184204
184188
183932
183899
183802
183786
183739
183603
183561
183477
183192
182975
182751
182677
182611
182423
182410
182389
182354
182240
182220
182115
181918
181835
181801
181727
181607
181285
181221
181199
181062
180942
180839
180799
180573
180361
180253
180107
179929
179826
179818
179755
179754
179441
179232
179156
179128
179042
178673
178380
178342
178141
178133
177977
177970
177872
177556
177545
177380
177302
177259
177063
176952
176904
176349
176202
176059
176027
176019
175916
175747
175527
175395
175083
174947
174649
174637
174603
174519
174467
174321
174254
174158
174072
174067
174030
173606
173435
173267
173179
172875
172821
172809
172526
172467
172434
172141
172079
172044
171935
171925
171902
171704
171520
171450
171129
170844
170837
170712
170653
170621
170606
170603
170566
170483
170468
170370
170284
170061
170040
170028
169841
169757
169725
169694
169128
169072
169014
169008
168994
168829
168791
168681
168570
168489
168356
168321
168225
168131
168124
167944
167936
167931
167753
167744
167697
167622
167562
167381
167322
166703
166546
166457
166450
166401
166369
166313
166240
166145
166097
166096
165987
165774
165734
165660
165512
165082
165043
164926
164864
164861
164852
164807
164730
164705
164666
164601
164577
164561
164532
164508
164405
164317
164300
164279
164120
164075
164056
164043
164031
163971
163850
163789
163788
163693
163570
163532
163372
163311
163295
163255
163116
163070
162910
162777
162733
162672
162630
162584
162578
162406
162343
162303
162289
162049
161907
161721
161704
161657
161637
161576
161558
161403
161123
161073
161069
160914
160829
160785
160723
160612
160587
160567
160509
160417
160336
160316
160039
159772
159725
159697
159668
159608
159540
159435
159391
159364
159328
159306
159047
159040
159005
158943
158884
158878
158747
158649
158592
158530
158504
158430
158290
158095
157949
157927
157916
157812
157802
157745
157635
157444
157443
157408
157382
157366
157132
156961
156874
156772
156731
156617
156533
156530
156365
156308
156276
156275
156250
156092
156086
156050
156018
155899
155667
155629
155610
155576
155373
155265
155198
154795
154792
154464
154460
154459
154055
153817
153779
153743
153664
153562
153359
153187
153150
153113
153060
153060
152909
152902
152841
152502
152500
152434
152402
152306
152263
152225
152187
152101
152051
152029
152024
151996
151670
151647
151489
151335
151321
151191
151161
151062
150980
150665
150628
150626
150370
150362
150009
149997
149936
149741
149590
149172
149077
149056
149031
148918
148589
148462
147872
147688
147671
147561
147365
147274
147040
146937
146933
146864
146653
146619
146558
146499
146365
146349
146343
146325
146275
146265
146147
146049
145893
145889
145778
145554
145326
145322
145303
145258
145071
145010
144957
144910
144790
144697
144653
144403
144369
144076
143852
143768
143723
143691
143640
143532
143336
143209
143169
143069
142969
142902
142815
142782
142675
142658
142395
142385
142234
142105
141747
141729
141720
141704
141358
141354
140991
140288
140267
140216
140122
140112
140063
140057
139895
139886
139471
139115
139035
138981
138907
138788
138767
138498
138469
138450
138380
138360
138089
138044
137800
137748
137491
137399
137118
137059
137038
136840
136771
136649
136598
136517
136516
136514
136514
136290
136245
136230
136186
136186
136163
136116
136095
136021
136017
135976
135941
135938
135937
135879
135705
135349
135310
135264
135240
135130
135087
134939
134820
134570
134471
134452
134307
134290
134280
134157
133753
133538
133513
133471
133454
133394
133375
133335
133188
133184
133060
133017
132950
132917
132906
132872
132843
132829
132727
132710
132706
132547
132293
132253
132131
132105
131935
131767
131691
131624
131470
131460
131417
131392
131244
131235
131234
131230
131145
131134
131068
130844
130827
130760
130474
130391
130362
130353
130244
130190
130078
130026
129678
129497
129359
129302
129181
129176
129039
129012
128914
128882
128659
128528
128519
128494
128427
128327
128142
128003
127809
127797
127761
127745
127719
127549
127432
127355
127040
126914
126818
126804
126766
126762
126704
126225
126221
126217
126195
125906
125895
125883
125792
125351
125170
125141
125125
125100
124937
124788
124640
124509
124459
124329
124259
124131
124023
123777
123750
123689
123577
123267
123233
123130
122878
122760
122750
122700
122643
122216
122168
122058
122020
121839
121831
121746
121659
121560
121555
121275
121176
120900
120868
120810
120606
120397
120306
119826
119824
119699
119662
119584
119498
119355
119319
119307
119162
119160
119098
118967
118925
118885
118742
118563
118414
118313
118169
118061
118026
118008
117971
117886
117814
117681
117568
117553
117458
117292
117266
117187
117153
117097
116898
116790
116721
116659
116641
116392
116302
116281
116066
116028
115955
115913
115867
115852
115704
115697
115685
115662
115600
115453
115327
115261
115043
115022
114991
114885
114809
114773
114689
114620
114600
114552
114197
113903
113741
113720
113572
113564
113502
113483
113465
113365
113257
113051
112949
112878
112831
112694
112262
112246
112155
112093
112090
111974
111790
111726
111713
111642
111570
111448
111440
111294
111273
111267
111256
111245
111244
111225
111207
111049
110988
110904
110853
110788
110691
110551
110390
110276
110041
109981
109936
109844
109546
109515
109509
109069
109049
109021
109002
108732
108671
108555
108536
108534
108365
108344
108328
108125
108078
108077
108058
108057
107979
107954
107954
107559
107529
107325
107273
107238
107215
107097
106974
106966
106845
106784
106696
106687
106579
106392
106381
106255
106214
106044
105665
105519
105444
105439
105297
105255
105165
104955
104747
104668
104633
104600
104579
104463
104455
104265
104226
104224
104121
104106
104104
104043
103903
103870
103507
103505
103491
103361
103288
103055
103038
102975
102879
102869
102782
102557
102551
102491
102428
102268
102267
102051
101977
101927
101858
101807
101532
101491
101456
101379
101359
101340
101194
101112
101069
101048
100841
100812
100766
100763
100633
100312
100205
100180
100048
99967.7
99965.5
99929.9
99848
99733.7
99568.7
99409.1
99355.6
99315.8
99224.6
99014.2
98782.6
98747.1
98681.9
98538
98318.2
98232.5
97900
97766.7
97661.7
97504.2
97428.1
97384.1
97276.8
97248.5
97094
97042
96979.6
96719.9
96567.5
96387.1
96343
96195.2
96052
95963
95932.1
95861.1
95453.2
95312.4
95206.9
95200
95154.5
95092.4
95069.4
94925
94887.1
94885.3
94856.8
94649.4
94562.1
94539.6
94523
94429.7
94383.4
94302.5
94292.4
93807.2
93792.2
93573
93518.8
93475.6
93404.5
93385.2
93239.3
93227.7
93152.7
93129.9
92982.6
92970.9
92833.5
92732.4
92610.1
92386.1
92378.1
92076.9
92020
91498.7
91393.9
91300.6
91264
91254.4
91110.2
91073.1
90992.4
90835.1
90746.9
90585.7
90502.2
90453
90451.8
90314.4
90055.8
89949.3
89845.3
89649
89632.9
89582.7
89562.5
89476.3
89101
89027.9
88966.4
88919.8
88889.5
88867.2
88768.5
88539.6
88526.7
88437.7
88186.1
88185.7
88071.1
87973.5
87785.3
87767.9
87767.7
87617.7
87524.2
87453.2
87391.6
87283.7
87279.3
87248.1
87220.7
87178.4
87172.9
87122.8
86948
86738.2
86650.3
86529.5
86469.1
86430
86212.3
86178.7
85994.8
85944
85813.1
85784.1
85768.6
85746.6
85727.8
85725.5
85462.9
85194.8
84874.2
84824
84755.1
84731.7
84660.1
84609.2
84339.4
84237.7
84193.9
84120
83970.4
83956.2
83832.7
83804.5
83757.7
83697.4
83643.5
83497.3
83085
83070.7
83048.8
83041.1
82932.4
82926.7
82782.8
82653.2
82280.9
82226.7
82223.8
82178.8
82074.1
81888.7
81856
81545.8
81529.5
81417.5
81277.4
81145.9
80888
80841.5
80768.1
80655.6
80463.3
80456.2
80273.7
80205
80181.7
80057.2
79807.8
79786.7
79747.4
79688.5
79675.5
79669.1
79532.9
79362.2
79319.3
79263.7
79139.7
79062.6
78999.7
78845.5
78760.8
78680.8
78666.6
78396.9
78160.7
78099.9
77838.1
77815.9
77770.3
77594.3
77429.5
77386.4
77213.1
77156.4
77109.4
77055.8
77049.3
76791.3
76722.8
76710.5
76615.7
76428.3
76334.3
76318.6
76276.6
76229.8
76227
76099.7
76053.6
75937.2
75936.8
75857.7
75615.9
75595.8
75594.2
75445.9
75391.8
75315.3
75210.2
75204.9
75187.6
75157.3
75144.6
75065.5
74994.9
74977.1
74975.7
74878.4
74696.2
74387.1
74349.9
74298.4
74275
74213.1
74158.8
74058.3
73967
73919.7
73839.9
73784.7
73611.6
73486.1
73331.7
73265.5
73066.6
73062.9
73005.4
72907.6
72902.9
72595
72549.6
72536.9
72325.8
72325.7
72119.9
72033.6
71966.9
71937.8
71856.5
71679.4
71598.7
71595.6
71525.3
71392.6
71244.3
71190.4
71119.1
70811.1
70425.6
70307.1
69958.9
69930.2
69919.9
69808.7
69793.5
69752
69699.8
69685.6
69655
69542.2
69336.6
69292.9
69192.4
69168.6
68960.3
68880.7
68865
68731.1
68718.1
68574.9
68567.6
68524.5
68493.1
68301.5
68258.4
68226
68218.7
68207.4
68183
68053.3
67658
67601.8
67582.8
67491.9
67400.9
67257.3
67230.9
67228.8
67113.2
66938.2
66817.4
66758.6
66715.1
66647
66454.4
66420.7
66388.5
66246.9
66186.5
66134.6
66121.1
66095.4
65897.9
65854.8
65841
65735.8
65651.9
65593.6
65575.5
65544.2
65456.9
65450.3
65432.8
65386.8
65338.5
65294.7
65286.8
65229
65109.5
65060.8
64555.7
64340.3
64339.6
64332.5
64271.8
64254.2
64241.2
64235.8
64197.3
64058.4
64051.1
64031.2
64018.4
63976.6
63793.9
63760.8
63743.1
63655.9
63639.6
63574.2
63569.4
63433.5
63418
63346.5
63291.6
63103.9
62928.2
62755
62695.5
62674
62639.1
62455
62442.4
62365.2
62348.2
62286.5
62119.5
62116.6
61902.2
61873
61820.4
61810
61799.7
61774
61761.2
61738.6
61697.6
61685.7
61671.1
61624.3
61565
61365.1
61322.8
60610
60580
60276.3
60151.3
59989.5
59824.9
59535.4
59532.8
59398
59275.3
59221.4
59112.6
59070.7
58951.2
58774.8
58623.3
58531.9
58473.5
58379.1
58332.8
58228.6
58228.5
58014
57999.1
57934.4
57893.9
57808.8
57695.4
57625.4
57493
57254.8
57142.6
57106.2
57104
57077.9
57013.4
56894.9
56848.5
56740.3
56731.6
56658.3
56653.8
56539.9
56451.8
56291.9
56175.3
56153.1
56124.4
56078
55990.9
55833.2
55571.5
55499.2
55471.2
55107.5
55102.3
55094.2
55074.5
54940
54843.8
54715.4
54623.9
54318.3
54306.4
54137
53749.1
53611.9
53591.8
53532.4
53335.9
53175.8
52952.8
52831.4
52718.5
52618.6
52577.1
52488.5
52373.4
52272.5
52267.1
52098.4
52058.7
52054.5
51982.8
51797.9
51670.7
51660.7
51418.2
51412.4
51320.7
51162.7
51024
50965.8
50965.1
50930.6
50883.7
50828
50493.4
50445.4
50385.7
50370.2
50284.1
49991.4
49910.6
49869.9
49696
49663.2
49535.4
49529.1
49527.8
49501.9
49434
49384.7
49291.1
49150
49149.5
49096.5
49002.9
48862.6
48760.6
48721.8
48700.4
48652.9
48617.7
48597.4
48589.4
48543.2
48440.5
48081.7
47906.2
47855.7
47677.8
47671.6
47610
47532.2
47335.9
47249.2
47248.9
47240.9
47238.4
47161.2
47120.1
47059.2
46946.6
46892.3
46777.3
46744.7
46710.4
46667.1
46608.5
46590.5
46482.5
45783.6
45713.2
45683.3
45654.2
45591.9
45565.6
45552.7
45552.1
45490
45445.3
45379.2
45300.3
45179.5
45063.7
44988.8
44873.9
44724.3
44669.7
44645.8
44633.1
44553.9
44282
44087.7
44005.3
44000.5
43990
43970.3
43836
43834.6
43681.3
43580
43380.2
43315.3
43278.7
43251.4
43231.4
43153
43130.4
43072.1
43031.3
43001.4
42854.6
42840.9
42753
42698.5
42632.5
42587.5
42452.3
42416.4
42407.2
42366.3
42298.7
42212.5
41975.2
41948.5
41860.2
41805.9
41801
41617.4
41562.4
41404.1
41339.4
41206.2
41105.2
41096.5
40971.2
40903.2
40886
40851.4
40791.8
40647.6
40560.2
40320.3
40253.2
40194.3
40134.6
40000.7
39647.5
39641.8
39227.8
39186.9
39173.9
39120.5
38902.5
38622.9
38600.8
38543.3
38378.4
38340
38314.8
38183.3
38125.1
38039
38007
37841.8
37640.8
36838.5
36770.8
36754.3
36515.3
36138.7
36081.8
35902.8
35869.1
35853.9
35775.8
35733.2
35543.6
35542.2
35492.1
35366.9
35317.8
35255.3
35026.1
35001
34997.6
34921.4
34754.1
34742.2
34580.8
34420.7
34419.1
34257.9
33950.9
33885.8
33741.6
33713.9
33649.8
33571.7
33373.6
33116.4
32803.5
32792.3
32700.3
32644.3
32538.8
32534.4
32394.4
32311
32066.7
32027
31906.2
31880.7
31757.1
31520.6
31336.3
31314.1
31233.3
31151.5
30871.2
30685.7
30566.5
30558
30549.2
30359.4
29976.8
29842.3
29533.5
29525.5
29476.4
29389.8
29192.9
29088
29047.9
28953.8
28804.8
28729.2
28628
28547.2
28481.9
28460.2
28361
28225.6
28192.3
28150.3
28096.5
28020.2
27870.2
27738.3
27724.6
27630.5
27603.8
27331.2
27104.2
26948.5
26749
26692.6
26602.3
26503
26424.5
26408
26320.3
26253.5
26207.3
26171.2
25931
25639.5
25459
25452.8
25265.3
25209.4
25138.6
25095.1
25060.9
25055.5
24857
24593.4
24524.6
24270.2
24125.5
24075.3
23773.9
23595.2
23512.5
23459
23360.1
23257.7
23084.3
23063
23024.4
22887.6
22863.9
22824.9
22724.6
22573.5
22075.2
22021.9
22010
21608
21524.3
21414.3
21312
21172.7
21133.8
21123.7
20899.6
20800.5
20734.4
20628.2
20561.4
20413.9
20370.2
20166.6
20110.7
20103.1
20080.8
19905.7
19894.5
19809
19722.2
19615.2
19459.1
19414.4
19389.6
19297.3
19126.1
19098.3
19009
18826.3
18578.4
18481.5
18453.3
18380
18283.7
18249.8
18201.3
17867.7
17789.9
17766.6
17765.3
17641.8
17478.5
17450.9
17376.4
17352.3
17261.5
17196.1
17125.4
17102.4
16989
16982.4
16960
16647.9
16454.9
16374.9
16314.1
16249.7
16244.2
16240.3
16120.7
15853.2
15525.3
15438.3
15224.3
15213.6
15059.3
14961.5
14884.6
14875.8
14846.7
14835.6
14801
14750.3
14638.3
14572.2
14527.6
14520.9
14337.9
14333.4
14188.3
14138
13938.6
13871.8
13802
13601.7
13552.7
13469
13441.1
13396.6
13375.7
13270.4
13248
13191.3
13188
13178.3
13164.3
13120
12895.9
12838.6
12813.4
12613.8
12579.6
12515.8
12452.8
12245.7
11974.5
11928.5
11885.2
11661.2
11444.1
11335
11255.8
11251.5
11238.5
11183.9
10969.5
10884.2
10780.2
10762.5
10725.3
10614.2
10562.2
10524.5
10400.5
10391
10200.5
10159.4
10135.4
9947
9858.54
9827.84
9807.98
9776.77
9592.56
9536.33
9369.69
9188.71
9090.11
8950.83
8862.01
8836.13
8739.59
8651.4
8378.29
8285.55
8228.41
8132.08
8079.93
7765.99
7722.83
7713.21
7548.63
7426.54
7331.25
7067.55
6803.32
6792.2
6704.87
6431.59
6392.05
6231.05
6197.54
6194.2
5964.66
5793.28
5727.64
5606.6
5586.4
5549.73
5547.78
5508.04
5097.41
4700.33
4629
4354.56
4340.36
4309.35
4050.59
4002.69
3993.2
3848.75
3666.31
3651.78
3569.94
3542.61
3428.53
3311.8
3191.56
3156.12
2480.62
2334.28
2067.69
1990.18
1970.49
1741.63
1593.57
1554.94
1546.24
1445.36
1324.14
1268.93
1201.42
1112.68
1066.98
1055.11
1013.89
1002.73
793.167
626.398
486.79
367.524
